0,2,0,86,37,475,392,body,0,192,392,203,402,cell
1,2,0,86,37,475,392,body,0,192,392,203,402,cell
2,2,0,86,37,475,392,body,0,192,392,203,402,cell
3,2,0,86,37,475,392,body,0,192,392,203,402,cell
4,2,0,86,37,475,392,body,0,192,392,203,402,cell
5,2,0,86,37,475,392,body,0,192,392,203,402,cell
6,2,0,86,37,475,392,body,0,192,392,203,402,cell
7,2,0,86,37,475,392,body,0,192,392,203,402,cell
8,2,0,86,37,474,391,body,0,192,392,203,402,cell
9,2,0,87,38,475,392,body,0,192,392,203,402,cell
10,2,0,99,38,460,392,body,0,192,392,203,402,cell
11,2,0,100,39,459,391,body,0,192,391,203,401,cell
12,2,0,101,40,459,391,body,0,193,390,204,400,cell
13,2,0,101,40,458,390,body,0,193,390,204,400,cell
14,2,0,102,41,457,389,body,0,193,389,204,399,cell
15,2,0,104,42,456,387,body,0,193,388,204,398,cell
16,2,0,103,42,456,388,body,0,193,388,204,398,cell
17,2,0,104,43,455,387,body,0,194,388,205,398,cell
18,2,0,105,44,454,387,body,0,194,387,205,397,cell
19,2,0,106,44,454,385,body,0,194,386,205,396,cell
20,2,0,107,45,453,384,body,0,195,386,206,396,cell
21,2,0,110,47,452,382,body,0,195,385,206,395,cell
22,3,0,112,49,450,381,body,0,196,384,207,394,cell,1,439,236,452,247,cell
23,3,0,112,50,449,381,body,0,196,384,207,394,cell,1,439,236,452,247,cell
24,3,0,113,51,448,380,body,0,196,383,207,393,cell,1,438,236,451,247,cell
25,3,0,114,51,448,378,body,0,197,382,208,392,cell,1,437,235,450,246,cell
26,3,0,114,52,446,378,body,0,197,382,208,392,cell,1,436,235,449,246,cell
27,3,0,115,53,446,378,body,0,197,382,208,392,cell,1,436,235,449,246,cell
28,3,0,116,54,438,376,body,0,197,381,208,391,cell,1,434,235,447,246,cell
29,3,0,118,56,437,369,body,0,198,380,209,390,cell,1,432,235,445,246,cell
30,3,0,118,56,437,369,body,0,198,380,209,390,cell,1,432,235,445,246,cell
31,3,0,119,57,436,368,body,0,198,379,209,389,cell,1,431,235,444,246,cell
32,3,0,120,58,436,368,body,0,199,379,210,389,cell,1,430,235,443,246,cell
33,3,0,122,60,433,365,body,0,199,378,210,388,cell,1,428,234,442,245,cell
34,3,0,122,60,432,364,body,0,199,378,210,388,cell,1,427,234,440,245,cell
35,3,0,122,60,432,365,body,0,199,378,210,388,cell,1,427,234,440,245,cell
36,3,0,123,62,430,364,body,0,200,377,211,387,cell,1,426,233,439,244,cell
37,3,0,124,62,431,363,body,0,200,377,211,387,cell,1,426,233,439,244,cell
38,3,0,126,65,428,362,body,0,202,375,213,385,cell,1,422,232,435,243,cell
39,3,0,128,66,428,360,body,0,202,374,213,384,cell,1,421,231,434,242,cell
40,3,0,130,68,426,358,body,0,203,372,214,382,cell,1,417,230,430,241,cell
41,3,0,130,68,425,358,body,0,203,372,214,382,cell,1,416,229,429,240,cell
42,3,0,131,69,424,356,body,0,204,372,215,382,cell,1,414,229,427,240,cell
43,3,0,132,70,423,355,body,0,204,371,215,381,cell,1,412,227,426,239,cell
44,3,0,133,71,422,355,body,0,204,370,215,380,cell,1,418,226,432,238,cell
45,3,0,133,72,421,354,body,0,205,369,216,379,cell,1,416,225,430,237,cell
46,3,0,134,73,420,354,body,0,205,369,216,379,cell,1,415,225,429,237,cell
47,3,0,134,73,420,353,body,0,205,369,216,379,cell,1,415,225,429,236,cell
48,3,0,135,73,420,353,body,0,205,369,216,379,cell,1,414,224,428,236,cell
49,3,0,136,74,419,351,body,0,206,367,217,377,cell,1,412,224,425,235,cell
50,3,0,137,75,417,350,body,0,207,366,218,376,cell,1,410,221,425,233,cell
51,3,0,138,76,416,349,body,0,208,365,219,375,cell,1,409,219,423,230,cell
52,3,0,138,77,415,349,body,0,208,365,219,375,cell,1,408,220,422,232,cell
53,3,0,138,77,415,348,body,0,208,364,219,374,cell,2,409,239,428,250,cell
54,3,0,140,79,413,347,body,0,209,363,220,373,cell,2,411,239,429,250,cell
55,3,0,140,79,412,346,body,0,209,362,220,372,cell,2,412,239,431,250,cell
56,3,0,141,80,412,346,body,0,210,362,221,372,cell,2,412,240,431,251,cell
57,3,0,142,80,411,344,body,0,210,361,221,371,cell,2,415,241,433,252,cell
58,3,0,144,82,410,343,body,0,211,360,222,370,cell,2,419,241,437,252,cell
59,3,0,144,82,409,342,body,0,212,359,223,369,cell,2,419,241,438,252,cell
60,3,0,145,82,409,341,body,0,212,358,223,368,cell,2,420,243,437,253,cell
61,3,0,145,83,408,341,body,0,212,358,223,368,cell,2,422,243,439,253,cell
62,3,0,146,83,408,340,body,0,213,357,224,367,cell,2,422,245,440,255,cell
63,3,0,146,84,408,341,body,0,213,357,224,367,cell,2,423,245,441,256,cell
64,3,0,147,85,407,340,body,0,213,356,224,366,cell,2,427,245,446,256,cell
65,3,0,148,85,407,339,body,0,214,356,226,366,cell,2,427,245,448,257,cell
66,3,0,148,85,407,339,body,0,214,355,225,365,cell,2,427,245,449,257,cell
67,4,0,149,86,406,338,body,0,215,354,226,364,cell,2,432,246,453,258,cell,3,150,160,162,170,cell
68,4,0,150,87,405,337,body,0,215,353,226,363,cell,2,438,247,461,260,cell,3,148,160,160,170,cell
69,4,0,150,87,405,337,body,0,215,353,226,363,cell,2,438,247,461,260,cell,3,147,160,159,170,cell
70,4,0,150,87,404,337,body,0,215,353,227,364,cell,2,438,247,462,261,cell,3,147,160,159,170,cell
71,4,0,151,87,405,336,body,0,216,352,228,363,cell,2,439,248,464,262,cell,3,146,160,158,170,cell
72,4,0,151,88,405,337,body,0,216,352,228,362,cell,2,439,248,465,263,cell,3,145,160,157,170,cell
73,4,0,151,88,404,336,body,0,216,351,227,361,cell,2,439,246,470,264,cell,3,145,161,157,171,cell
74,4,0,152,88,404,335,body,0,216,351,228,361,cell,2,439,246,471,265,cell,3,144,161,156,171,cell
75,4,0,152,89,404,336,body,0,217,350,229,360,cell,2,439,246,471,265,cell,3,143,161,155,171,cell
76,4,0,153,89,404,335,body,0,218,350,229,360,cell,2,439,246,472,265,cell,3,141,161,153,171,cell
77,4,0,153,89,403,334,body,0,218,349,229,359,cell,2,439,245,472,264,cell,3,139,161,151,171,cell
78,4,0,153,90,403,335,body,0,218,349,229,359,cell,2,439,245,472,264,cell,3,139,162,151,172,cell
79,4,0,154,90,403,334,body,0,219,348,230,358,cell,2,439,245,472,264,cell,3,137,162,149,172,cell
80,4,0,154,90,402,334,body,0,219,347,230,357,cell,2,439,245,472,264,cell,3,134,162,146,172,cell
81,4,0,154,90,402,333,body,0,219,347,230,357,cell,2,439,245,472,264,cell,3,134,162,146,172,cell
82,5,0,154,91,402,334,body,0,219,347,230,357,cell,2,439,245,472,264,cell,3,133,163,145,173,cell,4,157,197,170,209,cell
83,5,0,155,91,402,333,body,0,220,346,231,356,cell,2,439,245,472,264,cell,3,130,163,142,173,cell,4,158,197,171,209,cell
84,5,0,155,91,401,333,body,0,220,346,231,356,cell,2,439,245,472,264,cell,3,130,163,142,173,cell,4,161,199,173,210,cell
85,5,0,155,92,401,333,body,0,220,345,231,355,cell,2,439,245,472,264,cell,3,127,164,139,174,cell,4,163,202,174,212,cell
86,5,0,155,92,401,333,body,0,220,345,231,355,cell,2,439,245,472,264,cell,3,126,164,138,174,cell,4,164,202,175,212,cell
87,5,0,156,92,402,333,body,0,221,345,232,355,cell,2,439,245,472,264,cell,3,125,164,137,174,cell,4,164,201,175,211,cell
88,5,0,156,92,401,333,body,0,221,344,232,354,cell,2,439,245,472,264,cell,3,122,164,134,174,cell,4,163,200,174,210,cell
89,5,0,156,92,401,332,body,0,221,344,232,354,cell,2,439,245,472,264,cell,3,122,164,134,174,cell,4,162,199,173,209,cell
90,5,0,156,93,401,333,body,0,222,344,233,354,cell,2,439,245,473,264,cell,3,120,164,132,174,cell,4,161,198,173,209,cell
91,5,0,156,93,401,333,body,0,222,343,233,353,cell,2,439,245,473,264,cell,3,119,163,131,173,cell,4,162,198,174,209,cell
92,5,0,156,93,400,332,body,0,222,343,233,353,cell,2,439,245,473,264,cell,3,118,163,130,173,cell,4,162,198,173,208,cell
93,8,0,157,93,401,332,body,0,222,343,233,353,cell,3,116,163,128,173,cell,4,162,199,173,209,cell,5,154,175,166,187,cell,6,199,108,211,121,cell,7,299,95,314,107,cell,8,502,241,514,251,cell
94,8,0,157,93,400,332,body,0,223,342,234,352,cell,3,115,162,127,172,cell,4,163,199,174,209,cell,5,154,175,166,187,cell,6,199,104,211,116,cell,7,298,95,313,107,cell,8,505,243,517,253,cell
95,8,0,157,93,400,332,body,0,223,342,234,352,cell,3,115,161,127,171,cell,4,163,199,174,209,cell,5,154,174,166,186,cell,6,199,103,211,115,cell,7,299,95,314,107,cell,8,505,243,517,253,cell
96,8,0,157,94,400,332,body,0,223,341,234,351,cell,3,113,159,125,169,cell,4,162,198,174,209,cell,5,153,173,165,185,cell,6,196,99,208,112,cell,7,298,95,313,107,cell,8,510,245,522,255,cell
97,8,0,158,94,401,332,body,0,223,341,234,351,cell,3,113,158,125,168,cell,4,162,198,173,209,cell,5,153,173,165,185,cell,6,196,98,208,111,cell,7,296,96,311,108,cell,8,512,246,524,256,cell
98,8,0,158,94,400,332,body,0,223,340,234,350,cell,3,111,158,123,168,cell,4,163,198,174,208,cell,5,153,173,165,185,cell,6,195,98,207,111,cell,7,295,95,310,107,cell,8,513,245,525,255,cell
99,8,0,158,94,400,332,body,0,223,340,234,350,cell,3,110,158,122,168,cell,4,163,198,174,208,cell,5,153,173,165,185,cell,6,195,97,207,110,cell,7,295,95,310,107,cell,8,514,245,526,255,cell
100,8,0,158,94,400,331,body,0,223,340,234,350,cell,3,107,157,119,167,cell,4,163,197,174,207,cell,5,153,172,165,184,cell,6,193,95,205,108,cell,7,294,95,309,107,cell,8,514,245,526,255,cell
101,8,0,158,94,400,331,body,0,223,339,234,349,cell,3,105,157,117,167,cell,4,163,197,174,207,cell,5,154,172,166,184,cell,6,193,94,204,106,cell,7,294,94,309,106,cell,8,514,245,526,255,cell
102,8,0,158,94,400,331,body,0,223,339,234,349,cell,3,104,157,116,167,cell,4,163,197,174,207,cell,5,155,173,167,185,cell,6,194,94,205,106,cell,7,294,95,309,107,cell,8,514,245,526,255,cell
103,9,0,158,94,402,331,body,0,224,338,235,348,cell,3,101,156,113,166,cell,4,163,198,175,209,cell,5,155,172,168,185,cell,6,195,91,206,103,cell,7,293,95,308,107,cell,8,514,246,526,256,cell,9,393,121,410,143,cell
104,9,0,158,94,402,331,body,0,224,338,235,348,cell,3,98,156,110,166,cell,4,163,199,175,210,cell,5,155,172,169,186,cell,6,195,90,206,102,cell,7,293,95,307,107,cell,8,514,246,526,256,cell,9,396,118,412,138,cell
105,9,0,158,94,402,331,body,0,224,338,235,348,cell,3,98,156,110,166,cell,4,163,199,175,210,cell,5,155,172,169,186,cell,6,195,90,206,102,cell,7,293,95,308,107,cell,8,514,246,526,256,cell,9,396,117,412,138,cell
106,9,0,158,94,402,331,body,0,224,337,235,347,cell,3,95,157,107,167,cell,4,163,199,175,210,cell,5,157,175,169,187,cell,6,194,88,205,100,cell,7,289,91,304,103,cell,8,513,247,525,257,cell,9,399,112,416,133,cell
107,9,0,158,94,401,330,body,0,224,337,235,347,cell,3,93,158,105,168,cell,4,164,200,177,212,cell,5,159,174,170,185,cell,6,193,86,203,97,cell,7,286,91,302,104,cell,8,512,247,524,257,cell,9,405,106,421,127,cell
108,12,0,158,94,401,330,body,0,225,337,236,347,cell,3,92,158,105,169,cell,4,164,200,177,212,cell,5,159,175,170,186,cell,6,192,85,203,96,cell,7,286,91,301,103,cell,8,513,247,525,257,cell,9,407,105,422,125,cell,10,204,116,218,129,cell,11,337,317,348,327,cell,12,157,257,171,270,cell
109,13,0,158,94,401,330,body,0,224,337,235,347,cell,3,92,158,105,169,cell,4,164,200,177,212,cell,5,159,175,170,186,cell,6,192,84,203,95,cell,7,286,91,302,104,cell,8,513,248,525,258,cell,9,407,104,422,124,cell,10,204,116,218,129,cell,11,337,317,348,327,cell,12,157,257,171,270,cell,13,207,315,221,327,cell
110,16,0,158,94,401,330,body,0,225,336,236,346,cell,3,155,173,167,183,cell,4,164,200,176,211,cell,5,159,171,172,184,cell,6,189,79,200,90,cell,7,286,92,300,104,cell,8,511,250,523,260,cell,9,410,99,425,118,cell,10,203,114,217,127,cell,11,338,314,349,324,cell,12,155,257,169,270,cell,13,206,316,220,328,cell,14,87,160,109,171,cell,15,278,52,290,66,cell,16,331,103,348,119,cell
111,16,0,159,95,402,331,body,0,225,336,236,346,cell,3,156,173,169,184,cell,4,164,200,176,211,cell,5,160,172,172,184,cell,6,189,79,200,90,cell,7,286,92,300,103,cell,8,510,250,522,260,cell,9,410,94,426,115,cell,10,206,117,220,130,cell,11,338,314,349,324,cell,12,154,257,168,270,cell,13,206,315,221,328,cell,14,86,160,109,171,cell,15,278,39,291,54,cell,16,331,103,348,119,cell
112,16,0,159,95,402,331,body,0,225,336,236,346,cell,3,156,174,170,185,cell,4,164,200,176,211,cell,5,160,173,173,186,cell,6,188,79,199,91,cell,7,286,92,301,104,cell,8,511,249,523,259,cell,9,415,89,431,109,cell,10,206,117,219,129,cell,11,338,314,349,324,cell,12,153,257,168,271,cell,13,206,315,221,328,cell,14,83,161,104,172,cell,15,278,39,291,54,cell,16,331,102,349,119,cell
113,16,0,159,95,402,331,body,0,226,336,237,346,cell,3,157,174,170,185,cell,4,165,200,178,212,cell,5,161,173,173,185,cell,6,188,77,199,88,cell,7,286,92,300,104,cell,8,505,251,517,261,cell,9,416,86,431,105,cell,10,206,117,219,129,cell,11,337,314,348,324,cell,12,152,258,164,269,cell,13,206,315,221,328,cell,14,79,161,100,171,cell,15,278,39,291,54,cell,16,331,102,349,119,cell
114,16,0,159,95,402,331,body,0,226,335,237,345,cell,3,159,174,172,185,cell,4,165,200,177,211,cell,5,162,174,174,186,cell,6,189,79,199,90,cell,7,286,92,301,104,cell,8,505,251,517,261,cell,9,417,81,432,100,cell,10,206,117,218,129,cell,11,337,314,348,324,cell,12,151,259,163,270,cell,13,206,317,220,329,cell,14,76,162,96,172,cell,15,278,39,291,54,cell,16,331,103,349,120,cell
115,17,0,159,95,402,331,body,0,227,334,238,344,cell,3,160,175,172,185,cell,4,166,201,178,212,cell,5,163,175,174,186,cell,6,190,82,200,93,cell,7,285,92,299,103,cell,8,504,251,516,261,cell,9,420,72,435,92,cell,10,204,113,218,126,cell,11,337,314,348,324,cell,12,149,260,160,270,cell,13,205,321,218,332,cell,14,68,161,90,172,cell,15,278,39,291,54,cell,16,331,108,347,123,cell,17,123,168,137,184,cell
116,17,0,159,95,402,331,body,0,227,333,238,343,cell,3,160,176,174,188,cell,4,166,201,178,212,cell,5,164,175,178,189,cell,6,190,83,201,95,cell,7,285,92,300,104,cell,8,504,250,516,260,cell,9,421,70,436,89,cell,10,204,113,218,126,cell,11,337,316,348,326,cell,12,149,259,160,269,cell,13,205,322,217,332,cell,14,65,160,88,172,cell,15,278,39,291,54,cell,16,331,112,347,127,cell,17,122,167,135,182,cell
117,20,0,159,94,402,330,body,0,227,333,238,343,cell,3,160,176,174,188,cell,4,166,200,178,211,cell,5,163,175,177,189,cell,6,190,83,201,95,cell,7,285,92,300,104,cell,8,504,250,516,260,cell,9,422,70,437,89,cell,10,204,113,218,126,cell,11,337,316,348,326,cell,12,149,259,160,269,cell,13,205,322,217,332,cell,14,65,160,87,171,cell,15,278,39,291,54,cell,16,331,112,347,127,cell,17,122,167,135,181,cell,18,180,286,192,297,cell,19,150,307,167,321,cell,20,182,343,196,360,cell
118,20,0,158,94,400,330,body,0,227,331,238,341,cell,3,159,176,173,188,cell,4,165,200,177,211,cell,5,163,176,177,190,cell,6,188,83,199,95,cell,7,284,92,299,104,cell,8,502,250,514,260,cell,9,421,68,435,86,cell,10,203,113,216,125,cell,11,335,316,346,326,cell,12,148,259,159,269,cell,13,203,327,215,337,cell,14,62,158,85,169,cell,15,278,39,291,54,cell,16,331,119,346,133,cell,17,121,167,133,180,cell,18,179,286,191,297,cell,19,150,306,167,320,cell,20,182,348,194,363,cell
119,20,0,158,95,400,330,body,0,227,331,238,341,cell,3,159,177,173,189,cell,4,165,201,177,212,cell,5,163,177,176,190,cell,6,188,84,199,96,cell,7,284,92,299,104,cell,8,501,249,514,259,cell,9,422,63,437,82,cell,10,202,113,217,127,cell,11,335,317,346,327,cell,12,147,259,158,269,cell,13,202,330,214,340,cell,14,59,157,79,167,cell,15,278,39,291,54,cell,16,330,119,345,133,cell,17,118,168,130,182,cell,18,178,288,189,298,cell,19,151,306,168,320,cell,20,180,357,192,371,cell
120,20,0,158,95,400,330,body,0,227,330,238,340,cell,3,159,178,173,189,cell,4,165,201,176,212,cell,5,162,179,175,192,cell,6,188,85,199,97,cell,7,283,92,298,104,cell,8,501,249,513,259,cell,9,422,62,437,81,cell,10,201,113,216,127,cell,11,335,318,346,328,cell,12,146,259,157,269,cell,13,202,331,214,341,cell,14,54,155,77,167,cell,15,278,39,291,54,cell,16,330,119,345,133,cell,17,117,168,129,181,cell,18,178,288,189,298,cell,19,151,305,168,319,cell,20,180,357,191,371,cell
121,20,0,158,95,400,330,body,0,227,330,238,340,cell,3,159,181,173,192,cell,4,165,201,177,212,cell,5,162,181,175,194,cell,6,189,85,200,97,cell,7,283,93,298,105,cell,8,501,249,513,259,cell,9,422,59,437,78,cell,10,202,115,216,128,cell,11,334,318,345,328,cell,12,145,259,156,269,cell,13,202,332,214,342,cell,14,47,152,74,166,cell,15,278,39,291,54,cell,16,329,119,345,134,cell,17,117,169,129,183,cell,18,178,288,189,298,cell,19,151,304,168,318,cell,20,179,362,191,377,cell
122,20,0,158,95,400,330,body,0,227,329,238,339,cell,3,159,181,173,192,cell,4,165,201,177,212,cell,5,163,181,175,193,cell,6,189,85,200,97,cell,7,283,93,298,105,cell,8,500,249,513,259,cell,9,423,51,439,71,cell,10,201,113,216,127,cell,11,335,321,346,331,cell,12,145,260,156,270,cell,13,201,333,213,343,cell,14,52,157,72,167,cell,15,278,39,291,54,cell,16,329,119,344,134,cell,17,117,169,129,183,cell,18,178,288,189,298,cell,19,151,306,168,320,cell,20,177,363,189,378,cell
123,20,0,158,95,400,330,body,0,227,329,238,339,cell,3,159,180,172,190,cell,4,164,202,176,213,cell,5,163,181,175,193,cell,6,189,85,200,97,cell,7,284,94,299,106,cell,8,500,249,513,260,cell,9,425,50,440,69,cell,10,202,114,216,127,cell,11,334,322,345,332,cell,12,144,260,155,270,cell,13,200,335,212,345,cell,14,48,157,69,168,cell,15,278,39,291,54,cell,16,329,120,344,135,cell,17,116,170,128,183,cell,18,178,287,190,298,cell,19,151,306,168,320,cell,20,175,366,189,383,cell
124,20,0,158,96,400,331,body,0,227,329,238,339,cell,3,160,181,172,191,cell,4,164,202,176,213,cell,5,162,182,174,194,cell,6,189,85,200,97,cell,7,284,94,299,106,cell,8,499,248,512,259,cell,9,426,48,441,67,cell,10,201,115,216,129,cell,11,334,323,345,333,cell,12,143,260,155,271,cell,13,200,335,212,345,cell,14,44,156,67,167,cell,15,278,39,291,54,cell,16,329,120,344,134,cell,17,118,170,130,183,cell,18,177,288,189,299,cell,19,152,306,170,321,cell,20,173,367,187,384,cell
125,20,0,158,96,399,330,body,0,228,328,239,338,cell,3,159,182,171,192,cell,4,165,202,177,213,cell,5,161,183,174,196,cell,6,189,85,200,97,cell,7,284,95,298,106,cell,8,499,248,512,259,cell,9,427,46,442,66,cell,10,202,116,217,130,cell,11,334,323,345,333,cell,12,143,260,154,270,cell,13,199,336,211,346,cell,14,37,154,62,167,cell,15,278,39,291,54,cell,16,328,121,343,135,cell,17,119,172,130,185,cell,18,177,290,189,301,cell,19,153,305,171,320,cell,20,170,369,184,386,cell
126,20,0,158,96,399,330,body,0,228,328,239,338,cell,3,159,182,171,192,cell,4,165,202,177,213,cell,5,162,182,175,195,cell,6,189,85,200,97,cell,7,285,95,299,107,cell,8,499,248,512,259,cell,9,428,44,443,64,cell,10,202,117,216,130,cell,11,334,323,345,333,cell,12,144,260,155,270,cell,13,198,338,210,348,cell,14,37,155,60,166,cell,15,278,39,291,54,cell,16,328,121,344,136,cell,17,122,172,134,185,cell,18,178,291,189,301,cell,19,153,305,171,320,cell,20,169,372,182,388,cell
127,20,0,158,96,399,330,body,0,228,328,239,338,cell,3,159,182,171,192,cell,4,165,202,177,213,cell,5,162,182,175,195,cell,6,189,85,200,97,cell,7,285,95,300,107,cell,8,499,248,512,259,cell,9,428,44,443,64,cell,10,202,117,217,131,cell,11,334,323,345,333,cell,12,144,260,155,270,cell,13,198,338,210,348,cell,14,37,155,60,166,cell,15,278,39,291,54,cell,16,328,121,344,136,cell,17,122,172,134,185,cell,18,178,291,189,301,cell,19,153,305,171,320,cell,20,169,372,182,388,cell
128,21,0,159,96,400,330,body,0,228,328,239,338,cell,3,159,182,171,192,cell,4,165,203,177,214,cell,5,161,183,173,195,cell,6,189,85,200,97,cell,7,284,95,298,106,cell,8,498,248,511,259,cell,9,429,43,444,63,cell,10,204,119,218,132,cell,11,336,326,347,336,cell,12,148,260,160,271,cell,13,198,339,210,349,cell,14,32,157,55,168,cell,15,278,39,291,54,cell,16,329,122,345,137,cell,17,123,173,134,186,cell,18,179,288,190,298,cell,19,154,304,172,319,cell,20,167,377,180,393,cell,21,171,43,181,55,cell
129,21,0,159,96,400,330,body,0,228,327,239,337,cell,3,159,183,171,193,cell,4,165,203,177,214,cell,5,161,183,173,195,cell,6,189,85,200,97,cell,7,284,95,298,107,cell,8,498,248,511,259,cell,9,429,43,444,63,cell,10,203,119,217,132,cell,11,337,327,348,337,cell,12,148,260,160,271,cell,13,197,340,209,350,cell,14,31,158,54,169,cell,15,278,39,291,54,cell,16,329,123,344,138,cell,17,125,173,137,186,cell,18,180,288,191,298,cell,19,154,304,172,319,cell,20,168,379,179,392,cell,21,169,46,179,58,cell
130,21,0,159,97,399,330,body,0,229,326,240,336,cell,3,159,182,172,193,cell,4,165,203,177,215,cell,5,162,184,175,197,cell,6,189,85,200,97,cell,7,284,95,297,106,cell,8,498,248,511,259,cell,9,437,40,453,60,cell,10,204,121,218,134,cell,11,341,334,352,344,cell,12,144,260,155,270,cell,13,197,342,209,352,cell,14,23,155,47,167,cell,15,278,39,291,54,cell,16,329,123,344,138,cell,17,124,173,136,187,cell,18,180,286,192,297,cell,19,155,305,173,320,cell,20,168,387,179,400,cell,21,169,46,179,58,cell
131,21,0,159,97,399,330,body,0,229,326,240,336,cell,3,161,183,174,194,cell,4,165,203,177,214,cell,5,163,184,176,197,cell,6,189,85,200,97,cell,7,285,95,300,107,cell,8,497,247,510,258,cell,9,440,39,456,59,cell,10,205,123,219,136,cell,11,340,333,351,343,cell,12,142,260,153,270,cell,13,196,343,208,353,cell,14,23,155,46,167,cell,15,278,39,291,54,cell,16,329,123,346,139,cell,17,123,173,135,187,cell,18,179,287,191,298,cell,19,155,305,173,320,cell,20,168,388,178,401,cell,21,169,46,179,58,cell
132,21,0,159,97,399,330,body,0,230,325,241,335,cell,3,161,183,173,193,cell,4,165,203,177,214,cell,5,164,183,177,196,cell,6,189,85,200,97,cell,7,285,95,300,107,cell,8,496,247,510,258,cell,9,442,39,457,58,cell,10,206,120,218,131,cell,11,339,330,350,340,cell,12,149,260,160,270,cell,13,194,346,206,356,cell,14,22,154,45,166,cell,15,278,39,291,54,cell,16,330,123,346,138,cell,17,126,174,138,187,cell,18,179,288,191,299,cell,19,155,305,173,320,cell,20,168,393,178,406,cell,21,169,46,179,58,cell
133,21,0,159,97,399,330,body,0,230,325,241,335,cell,3,163,184,175,194,cell,4,164,202,177,214,cell,5,166,185,177,196,cell,6,189,85,200,97,cell,7,285,95,300,107,cell,8,495,247,508,258,cell,9,445,37,460,56,cell,10,207,121,218,132,cell,11,331,319,342,329,cell,12,149,260,160,270,cell,13,193,348,205,358,cell,14,19,152,43,164,cell,15,278,39,291,54,cell,16,329,123,346,139,cell,17,125,175,136,188,cell,18,179,289,190,299,cell,19,155,305,173,320,cell,20,164,398,174,410,cell,21,169,46,179,58,cell
134,23,0,159,98,398,331,body,0,230,324,241,334,cell,3,163,184,175,194,cell,4,164,202,177,214,cell,5,166,185,177,196,cell,6,189,85,200,97,cell,7,285,95,300,107,cell,8,494,246,507,257,cell,9,448,36,463,55,cell,10,206,121,218,132,cell,11,334,315,345,325,cell,12,149,260,160,270,cell,13,192,349,204,359,cell,14,16,150,40,162,cell,15,278,39,291,54,cell,16,330,123,347,139,cell,17,128,175,140,189,cell,18,180,289,191,299,cell,19,155,305,173,320,cell,20,161,402,171,414,cell,21,169,46,179,58,cell,22,120,280,133,291,cell,23,138,306,151,317,cell
135,23,0,160,98,399,330,body,0,230,323,241,333,cell,3,165,184,177,194,cell,4,165,202,178,214,cell,5,167,186,178,197,cell,6,189,85,200,97,cell,7,285,95,300,107,cell,8,495,247,508,258,cell,9,451,35,466,54,cell,10,207,121,219,132,cell,11,335,318,346,328,cell,12,148,260,159,270,cell,13,190,352,202,362,cell,14,15,150,39,162,cell,15,278,39,291,54,cell,16,330,123,347,139,cell,17,128,175,140,189,cell,18,180,290,191,300,cell,19,155,305,173,320,cell,20,158,405,168,417,cell,21,169,46,179,58,cell,22,114,282,127,293,cell,23,138,306,151,317,cell
136,23,0,160,98,399,330,body,0,231,323,242,333,cell,3,165,184,177,194,cell,4,165,202,178,214,cell,5,167,186,178,197,cell,6,189,85,200,97,cell,7,285,95,300,107,cell,8,494,246,507,257,cell,9,451,35,466,54,cell,10,206,121,218,132,cell,11,335,318,346,328,cell,12,149,260,160,270,cell,13,189,352,201,362,cell,14,15,150,38,162,cell,15,278,39,291,54,cell,16,330,123,347,139,cell,17,128,175,140,189,cell,18,180,289,193,301,cell,19,155,305,173,320,cell,20,159,405,169,417,cell,21,169,46,179,58,cell,22,114,282,127,293,cell,23,138,306,151,317,cell
137,23,0,160,98,399,330,body,0,231,323,242,333,cell,3,164,185,176,195,cell,4,166,203,178,214,cell,5,167,186,178,197,cell,6,195,88,207,100,cell,7,285,95,300,107,cell,8,494,246,508,257,cell,9,453,33,468,53,cell,10,207,121,218,131,cell,11,338,325,349,335,cell,12,150,260,161,270,cell,13,188,354,200,364,cell,14,13,150,36,162,cell,15,278,39,291,54,cell,16,330,123,347,139,cell,17,128,175,140,189,cell,18,182,287,195,299,cell,19,155,305,173,320,cell,20,157,406,168,419,cell,21,169,46,179,58,cell,22,112,283,125,294,cell,23,138,307,151,318,cell
138,23,0,160,98,399,330,body,0,231,323,242,333,cell,3,164,185,176,195,cell,4,166,203,178,214,cell,5,167,186,178,197,cell,6,195,88,207,100,cell,7,285,95,300,107,cell,8,494,246,508,257,cell,9,453,33,468,53,cell,10,207,120,218,130,cell,11,338,325,349,335,cell,12,150,260,161,270,cell,13,188,354,200,364,cell,14,13,150,36,162,cell,15,278,39,291,54,cell,16,330,123,347,139,cell,17,128,175,140,189,cell,18,182,287,195,299,cell,19,155,305,173,320,cell,20,157,406,168,419,cell,21,169,46,179,58,cell,22,112,283,125,294,cell,23,138,307,151,318,cell
139,25,0,160,98,399,330,body,0,231,323,242,333,cell,3,164,185,176,195,cell,4,166,203,178,214,cell,5,167,186,178,197,cell,6,195,88,207,100,cell,7,285,95,300,107,cell,8,494,246,508,257,cell,9,453,33,468,53,cell,10,207,120,219,131,cell,11,338,325,349,335,cell,12,150,260,161,270,cell,13,188,354,200,364,cell,14,13,150,36,162,cell,15,278,39,291,54,cell,16,330,123,347,139,cell,17,128,175,140,189,cell,18,182,287,195,299,cell,19,155,305,173,320,cell,20,157,406,168,419,cell,21,169,46,179,58,cell,22,112,283,125,294,cell,23,138,307,151,318,cell,25,196,56,210,66,cell,26,96,29,113,42,cell
140,25,0,160,98,399,330,body,0,231,323,242,333,cell,3,164,185,176,195,cell,4,166,203,178,214,cell,5,167,186,178,197,cell,6,195,88,207,100,cell,7,286,93,301,105,cell,8,494,246,508,257,cell,9,453,33,468,53,cell,10,207,120,218,131,cell,11,338,325,349,335,cell,12,150,260,161,270,cell,13,188,354,200,364,cell,14,13,150,36,162,cell,15,278,39,291,54,cell,16,330,123,347,139,cell,17,128,175,140,189,cell,18,182,287,195,299,cell,19,155,305,173,320,cell,20,157,406,168,419,cell,21,169,46,179,58,cell,22,112,283,125,294,cell,23,138,307,151,318,cell,25,196,56,210,66,cell,26,96,29,113,42,cell
141,25,0,160,98,399,330,body,0,231,323,242,333,cell,3,164,185,176,195,cell,4,166,203,178,214,cell,5,167,186,178,197,cell,6,195,88,207,100,cell,7,286,93,302,106,cell,8,494,246,508,257,cell,9,453,33,468,53,cell,10,207,120,218,131,cell,11,338,325,349,335,cell,12,150,260,161,270,cell,13,188,354,200,364,cell,14,13,150,36,162,cell,15,278,39,291,54,cell,16,331,123,348,139,cell,17,128,175,140,189,cell,18,182,287,195,299,cell,19,155,305,173,320,cell,20,157,406,168,419,cell,21,169,46,179,58,cell,22,112,283,125,294,cell,23,138,307,151,318,cell,25,196,56,210,66,cell,26,96,29,113,42,cell
142,25,0,160,98,399,330,body,0,231,323,242,333,cell,3,164,185,176,195,cell,4,166,203,178,214,cell,5,167,186,178,197,cell,6,195,88,207,100,cell,7,286,93,302,105,cell,8,494,246,508,257,cell,9,453,33,469,53,cell,10,207,120,218,131,cell,11,338,325,349,335,cell,12,150,260,161,270,cell,13,188,354,200,364,cell,14,13,150,36,162,cell,15,278,39,291,54,cell,16,331,123,348,139,cell,17,128,175,140,189,cell,18,182,287,195,299,cell,19,155,305,173,320,cell,20,157,406,168,419,cell,21,169,46,179,58,cell,22,112,283,125,294,cell,23,138,307,151,318,cell,25,196,56,210,66,cell,26,96,29,113,42,cell
143,24,0,160,98,399,330,body,0,231,323,242,333,cell,3,164,185,176,195,cell,4,166,203,178,214,cell,5,167,186,178,197,cell,6,195,88,207,100,cell,8,494,246,508,257,cell,9,453,33,468,53,cell,10,207,120,218,131,cell,11,338,325,349,335,cell,12,150,260,161,270,cell,13,188,354,200,364,cell,14,13,150,36,162,cell,15,278,39,291,54,cell,16,331,123,348,139,cell,17,128,175,140,189,cell,18,182,287,195,299,cell,19,155,305,173,320,cell,20,157,406,168,419,cell,21,169,46,179,58,cell,22,112,283,125,294,cell,23,138,307,151,318,cell,25,196,56,210,66,cell,26,96,29,113,42,cell
144,19,0,160,98,399,330,body,0,231,323,242,333,cell,6,195,88,207,100,cell,8,494,246,508,257,cell,9,453,33,468,53,cell,11,338,325,349,335,cell,12,150,260,161,270,cell,13,188,354,200,364,cell,14,13,150,36,162,cell,15,278,39,291,54,cell,17,128,175,140,189,cell,18,182,287,195,299,cell,19,155,305,173,320,cell,20,157,406,168,419,cell,21,169,46,179,58,cell,22,112,283,125,294,cell,23,138,307,151,318,cell,25,196,56,210,66,cell,26,96,29,113,42,cell
145,19,0,160,98,399,330,body,0,231,323,242,333,cell,6,195,88,207,100,cell,8,494,246,508,257,cell,9,453,33,468,53,cell,11,338,325,349,335,cell,12,150,260,161,270,cell,13,188,354,200,364,cell,14,13,150,36,162,cell,15,278,39,291,54,cell,17,128,175,140,189,cell,18,182,287,195,299,cell,19,155,305,173,320,cell,20,157,406,168,419,cell,21,169,46,179,58,cell,22,112,283,125,294,cell,23,138,307,151,318,cell,25,196,56,210,66,cell,26,96,29,113,42,cell
146,19,0,160,98,399,330,body,0,231,323,242,333,cell,6,195,88,207,100,cell,8,494,246,508,257,cell,9,453,33,468,53,cell,11,338,325,349,335,cell,12,150,260,161,270,cell,13,188,354,200,364,cell,14,13,150,36,162,cell,15,278,39,291,54,cell,17,128,175,140,189,cell,18,182,287,195,299,cell,19,155,305,173,320,cell,20,157,406,168,419,cell,21,169,46,179,58,cell,22,112,283,125,294,cell,23,138,307,151,318,cell,25,196,56,210,66,cell,26,96,29,113,42,cell
