0,17,0,305,39,316,55,cell,1,296,98,310,113,cell,2,331,131,347,146,cell,3,413,110,431,129,cell,4,348,112,372,144,cell,5,289,186,306,199,cell,6,253,189,273,204,cell,7,270,209,282,223,cell,8,170,265,190,281,cell,9,219,272,234,289,cell,10,229,370,247,389,cell,11,231,264,242,285,cell,12,205,415,224,435,cell,13,224,408,236,435,cell,14,137,462,161,476,cell,15,273,471,291,481,cell,0,220,128,640,480,body
1,17,0,305,39,316,55,cell,1,296,98,310,113,cell,2,331,131,347,146,cell,3,413,110,431,129,cell,4,348,112,372,144,cell,5,289,186,306,199,cell,6,253,189,273,204,cell,7,270,209,282,223,cell,8,170,265,190,281,cell,9,219,272,234,289,cell,10,229,370,247,389,cell,11,231,264,242,285,cell,12,205,415,224,435,cell,13,224,408,236,435,cell,14,137,462,161,476,cell,15,272,471,292,481,cell,0,220,128,640,480,body
2,17,0,305,39,316,55,cell,1,296,98,310,113,cell,2,331,131,347,146,cell,3,413,110,431,129,cell,4,348,112,372,144,cell,5,289,186,306,199,cell,6,253,189,273,204,cell,7,270,209,282,223,cell,8,170,265,190,281,cell,9,219,272,234,289,cell,10,229,370,247,389,cell,11,231,264,242,285,cell,12,205,415,224,435,cell,13,224,408,236,435,cell,14,137,462,161,476,cell,15,272,471,292,481,cell,0,220,128,640,480,body
3,17,0,305,39,316,55,cell,1,296,98,310,113,cell,2,331,131,347,146,cell,3,413,110,431,129,cell,4,348,112,372,144,cell,5,289,186,306,199,cell,6,253,189,273,204,cell,7,270,209,282,223,cell,8,170,265,190,281,cell,9,219,272,234,289,cell,10,229,370,247,389,cell,11,231,264,242,285,cell,12,205,415,224,435,cell,13,224,408,236,435,cell,14,137,462,161,476,cell,15,272,470,292,480,cell,0,220,128,640,480,body
4,17,0,305,39,316,55,cell,1,296,98,310,113,cell,2,331,131,347,146,cell,3,413,110,431,129,cell,4,348,112,372,144,cell,5,289,186,306,199,cell,6,253,189,273,204,cell,7,270,209,282,223,cell,8,170,265,190,281,cell,9,219,272,234,289,cell,10,229,370,247,389,cell,11,231,264,242,285,cell,12,205,415,224,435,cell,13,224,408,236,435,cell,14,137,462,161,476,cell,15,272,470,292,480,cell,0,220,128,640,480,body
5,17,0,305,39,316,55,cell,1,296,98,310,113,cell,2,331,131,347,146,cell,3,413,110,431,129,cell,4,348,112,372,144,cell,5,289,186,306,199,cell,6,253,189,273,204,cell,7,270,209,282,223,cell,8,170,265,190,281,cell,9,219,272,234,289,cell,10,229,370,247,389,cell,11,231,264,242,285,cell,12,205,415,224,435,cell,13,224,408,236,435,cell,14,137,462,161,476,cell,15,272,470,292,480,cell,0,220,128,640,480,body
6,17,0,305,39,316,55,cell,1,296,98,310,113,cell,2,331,131,347,146,cell,3,413,110,431,129,cell,4,348,112,372,144,cell,5,289,186,306,199,cell,6,253,189,273,204,cell,7,270,209,282,223,cell,8,170,265,190,281,cell,9,219,272,234,289,cell,10,229,370,247,389,cell,11,231,264,242,285,cell,12,205,415,224,435,cell,13,224,408,236,435,cell,14,137,462,161,476,cell,15,272,470,292,480,cell,0,220,128,640,480,body
7,17,0,305,39,316,55,cell,1,296,98,310,113,cell,2,331,131,347,146,cell,3,413,110,431,129,cell,4,348,112,372,145,cell,5,289,186,306,199,cell,6,253,189,273,204,cell,7,270,209,282,223,cell,8,170,265,190,281,cell,9,219,272,234,289,cell,10,229,370,247,389,cell,11,231,264,242,285,cell,12,205,415,224,435,cell,13,224,408,236,435,cell,14,137,462,161,476,cell,15,272,470,292,480,cell,0,220,128,640,480,body
8,17,0,305,36,316,51,cell,1,296,98,311,114,cell,2,330,131,346,146,cell,3,415,108,433,127,cell,4,348,112,373,145,cell,5,289,185,305,198,cell,6,255,190,274,204,cell,7,270,209,282,223,cell,8,170,265,190,281,cell,9,221,272,236,289,cell,10,229,371,247,390,cell,11,232,266,242,285,cell,12,206,415,224,434,cell,13,224,406,237,436,cell,14,131,464,155,478,cell,15,276,467,296,477,cell,0,220,128,640,480,body
9,17,0,304,35,315,50,cell,1,295,98,309,113,cell,2,330,131,346,146,cell,3,415,108,432,126,cell,4,349,112,374,145,cell,5,290,185,307,198,cell,6,255,191,275,206,cell,7,269,209,281,223,cell,8,170,265,190,281,cell,9,220,272,235,290,cell,10,231,370,251,391,cell,11,231,266,241,285,cell,12,207,416,224,434,cell,13,226,409,238,435,cell,14,124,467,150,482,cell,15,277,467,297,477,cell,0,220,128,640,480,body
10,17,0,304,33,315,49,cell,1,296,98,310,113,cell,2,330,131,346,146,cell,3,414,105,433,125,cell,4,350,114,374,146,cell,5,290,185,307,198,cell,6,257,193,276,207,cell,7,270,210,282,224,cell,8,171,266,191,282,cell,9,220,273,236,291,cell,10,231,370,251,391,cell,11,231,266,241,285,cell,12,207,417,225,436,cell,13,226,409,238,436,cell,14,123,468,149,483,cell,15,276,467,296,477,cell,0,220,128,640,480,body
11,17,0,303,31,314,47,cell,1,296,98,310,113,cell,2,331,131,347,146,cell,3,414,102,434,123,cell,4,351,116,375,148,cell,5,289,186,306,199,cell,6,256,192,275,207,cell,7,270,212,281,225,cell,8,171,267,191,283,cell,9,221,274,237,292,cell,10,231,370,251,391,cell,11,231,265,242,286,cell,12,207,416,225,435,cell,13,226,407,239,436,cell,14,123,469,149,484,cell,15,275,470,295,480,cell,0,221,129,641,481,body
12,17,0,303,29,314,45,cell,1,296,97,310,112,cell,2,330,132,345,147,cell,3,414,102,434,123,cell,4,353,117,377,149,cell,5,290,187,307,200,cell,6,255,192,275,207,cell,7,271,211,282,224,cell,8,172,266,192,282,cell,9,224,278,240,296,cell,10,231,370,251,391,cell,11,229,263,240,285,cell,12,207,416,226,436,cell,13,226,409,238,436,cell,14,123,470,147,484,cell,15,276,469,296,479,cell,0,220,129,641,481,body
13,17,0,302,27,313,43,cell,1,295,97,309,112,cell,2,330,132,345,146,cell,3,415,102,435,123,cell,4,353,118,379,152,cell,5,292,187,308,200,cell,6,251,190,271,205,cell,7,273,212,284,225,cell,8,173,267,193,283,cell,9,225,279,241,297,cell,10,230,370,251,392,cell,11,228,262,240,284,cell,12,208,417,226,436,cell,13,227,409,239,436,cell,14,123,472,147,486,cell,15,277,470,298,481,cell,0,220,129,641,482,body
14,17,0,300,24,311,40,cell,1,296,97,310,112,cell,2,331,132,346,146,cell,3,415,104,435,126,cell,4,354,118,380,152,cell,5,290,187,307,200,cell,6,250,189,270,204,cell,7,275,211,287,225,cell,8,173,267,193,283,cell,9,227,278,244,298,cell,10,225,368,247,392,cell,11,225,259,237,281,cell,12,208,416,226,435,cell,13,227,409,239,436,cell,14,116,476,140,490,cell,15,284,469,304,479,cell,0,220,128,642,481,body
15,17,0,299,21,310,38,cell,1,297,97,311,112,cell,2,331,133,346,147,cell,3,415,104,436,126,cell,4,354,118,380,152,cell,5,291,187,308,200,cell,6,248,189,268,204,cell,7,275,212,287,226,cell,8,172,267,192,283,cell,9,228,280,245,300,cell,10,226,368,248,391,cell,11,224,257,236,280,cell,12,209,417,227,436,cell,13,227,410,239,436,cell,14,117,476,137,488,cell,15,286,468,306,478,cell,0,220,128,642,481,body
16,17,0,299,19,310,35,cell,1,297,97,311,112,cell,2,330,134,345,148,cell,3,414,105,435,128,cell,4,354,119,380,153,cell,5,292,187,309,200,cell,6,249,190,268,204,cell,7,274,212,286,226,cell,8,172,268,192,284,cell,9,231,282,249,302,cell,10,225,368,247,391,cell,11,222,256,234,279,cell,12,208,417,226,435,cell,13,227,410,239,437,cell,14,120,477,137,487,cell,15,286,468,306,478,cell,0,220,129,642,482,body
17,17,0,297,15,308,31,cell,1,297,97,312,113,cell,2,331,134,347,149,cell,3,415,105,436,127,cell,4,355,119,381,154,cell,5,291,187,308,200,cell,6,249,189,269,204,cell,7,274,213,285,226,cell,8,172,268,191,283,cell,9,233,284,250,304,cell,10,223,370,243,391,cell,11,222,256,234,279,cell,12,208,417,226,436,cell,13,227,410,239,437,cell,14,113,476,130,486,cell,15,286,468,306,478,cell,0,220,128,642,481,body
18,17,0,297,15,308,31,cell,1,297,96,311,111,cell,2,331,134,347,149,cell,3,415,106,436,128,cell,4,355,119,381,154,cell,5,292,187,308,199,cell,6,249,189,269,204,cell,7,274,213,285,226,cell,8,172,268,191,283,cell,9,233,285,251,305,cell,10,223,370,243,391,cell,11,222,255,232,278,cell,12,208,417,226,436,cell,13,227,410,239,437,cell,14,113,476,131,487,cell,15,286,468,306,478,cell,0,247,140,641,482,body
19,17,0,296,14,307,30,cell,1,297,96,311,111,cell,2,331,133,347,148,cell,3,415,106,436,128,cell,4,355,119,381,154,cell,5,292,187,309,200,cell,6,249,190,267,203,cell,7,274,213,286,227,cell,8,172,267,192,283,cell,9,234,285,251,304,cell,10,221,370,242,392,cell,11,214,255,232,278,cell,12,209,417,227,436,cell,13,226,410,238,436,cell,14,113,476,131,486,cell,15,286,468,306,478,cell,0,247,140,640,480,body
20,17,0,297,14,308,30,cell,1,298,96,312,112,cell,2,331,134,347,149,cell,3,415,107,436,129,cell,4,355,119,381,154,cell,5,292,186,309,199,cell,6,247,189,266,203,cell,7,273,214,285,228,cell,8,173,266,193,282,cell,9,235,285,251,304,cell,10,220,369,241,391,cell,11,214,255,232,278,cell,12,209,416,228,436,cell,13,226,411,238,437,cell,14,113,476,130,486,cell,15,286,468,306,478,cell,0,247,140,640,480,body
21,18,0,296,14,307,30,cell,1,298,96,312,111,cell,2,331,134,347,149,cell,3,415,107,436,129,cell,4,355,119,381,154,cell,5,293,187,310,200,cell,6,247,189,266,204,cell,7,273,214,285,228,cell,8,173,266,194,282,cell,9,235,286,251,305,cell,10,220,369,241,391,cell,11,214,255,232,278,cell,12,209,416,228,436,cell,13,226,411,237,437,cell,14,113,476,130,486,cell,15,286,468,306,478,cell,0,247,140,640,480,body,16,499,116,519,142,cell
22,18,0,295,9,306,25,cell,1,298,96,312,111,cell,2,332,136,348,151,cell,3,415,108,437,131,cell,4,355,119,382,155,cell,5,293,187,310,200,cell,6,249,188,269,203,cell,7,273,213,284,226,cell,8,175,266,195,282,cell,9,235,286,251,304,cell,10,215,368,236,391,cell,11,212,252,230,275,cell,12,209,416,229,437,cell,13,226,410,237,436,cell,14,113,477,130,487,cell,15,286,468,306,478,cell,0,247,140,640,480,body,16,498,116,518,142,cell
23,18,0,295,8,306,24,cell,1,298,95,312,111,cell,2,332,136,348,151,cell,3,415,108,436,131,cell,4,355,119,382,155,cell,5,292,187,309,200,cell,6,249,188,269,203,cell,7,272,213,284,227,cell,8,175,266,195,282,cell,9,235,286,251,304,cell,10,214,368,236,391,cell,11,212,253,229,275,cell,12,209,416,229,437,cell,13,226,410,237,436,cell,14,113,477,130,487,cell,15,286,468,306,478,cell,0,247,140,640,480,body,16,498,116,518,143,cell
24,18,0,294,7,305,23,cell,1,298,95,313,111,cell,2,333,137,349,152,cell,3,416,107,437,129,cell,4,354,119,381,156,cell,5,292,187,309,200,cell,6,252,190,270,203,cell,7,272,212,284,226,cell,8,176,266,197,282,cell,9,236,286,252,304,cell,10,214,366,236,389,cell,11,207,249,225,272,cell,12,208,415,228,436,cell,13,226,410,237,435,cell,14,113,477,130,487,cell,15,286,468,306,478,cell,0,247,140,640,480,body,16,498,116,520,145,cell
25,18,0,294,6,305,22,cell,1,298,95,313,111,cell,2,333,136,349,151,cell,3,417,107,438,129,cell,4,355,119,383,156,cell,5,292,187,309,200,cell,6,253,189,271,203,cell,7,271,211,284,226,cell,8,176,267,197,283,cell,9,236,287,251,304,cell,10,214,367,236,390,cell,11,206,247,224,270,cell,12,209,415,229,436,cell,13,226,410,237,435,cell,14,113,477,130,487,cell,15,286,468,306,478,cell,0,247,140,640,480,body,16,498,116,520,144,cell
26,19,0,294,5,305,20,cell,1,298,95,313,111,cell,2,334,138,350,153,cell,3,417,108,437,129,cell,4,354,119,383,157,cell,5,293,186,310,199,cell,6,257,190,277,205,cell,7,270,209,283,224,cell,8,178,267,198,283,cell,9,237,287,252,304,cell,10,211,366,231,387,cell,11,206,247,224,270,cell,12,210,415,229,435,cell,13,226,410,238,436,cell,14,113,477,130,487,cell,15,286,468,306,478,cell,0,247,139,640,479,body,16,499,116,521,144,cell,17,5,227,53,246,cell
27,19,0,293,2,304,18,cell,1,298,95,313,111,cell,2,334,138,350,153,cell,3,418,106,438,127,cell,4,354,119,383,158,cell,5,293,186,310,199,cell,6,258,190,278,205,cell,7,270,208,283,224,cell,8,178,266,198,282,cell,9,237,287,252,304,cell,10,211,365,231,386,cell,11,208,248,227,272,cell,12,210,415,229,435,cell,13,227,410,239,436,cell,14,113,477,130,487,cell,15,286,468,306,478,cell,0,247,139,640,479,body,16,496,115,522,149,cell,17,13,227,59,245,cell
28,19,0,294,3,304,18,cell,1,298,95,313,111,cell,2,335,138,351,153,cell,3,418,107,437,127,cell,4,354,119,383,158,cell,5,293,186,310,199,cell,6,258,190,278,205,cell,7,270,208,283,224,cell,8,179,266,199,282,cell,9,237,287,252,304,cell,10,210,365,230,386,cell,11,209,249,227,272,cell,12,210,415,229,435,cell,13,227,410,239,436,cell,14,113,477,130,487,cell,15,286,468,306,478,cell,0,247,139,640,479,body,16,496,115,522,149,cell,17,14,227,61,246,cell
29,18,0,293,-1,304,15,cell,1,298,94,313,110,cell,2,336,139,351,153,cell,3,419,106,438,126,cell,5,293,186,310,199,cell,6,258,190,278,205,cell,7,270,208,283,224,cell,8,179,267,199,283,cell,9,235,287,250,305,cell,10,210,364,230,385,cell,11,212,249,230,272,cell,12,211,414,231,435,cell,13,227,410,239,436,cell,14,113,477,130,487,cell,15,286,468,306,478,cell,0,247,139,641,479,body,16,496,115,522,148,cell,17,16,227,65,247,cell
30,18,0,293,-1,304,15,cell,1,298,94,313,110,cell,2,338,140,353,154,cell,3,419,104,438,124,cell,5,293,185,310,198,cell,6,260,190,279,204,cell,7,271,208,284,223,cell,8,181,268,201,284,cell,9,235,286,251,304,cell,10,211,363,232,385,cell,11,213,248,231,271,cell,12,211,415,230,435,cell,13,228,410,239,436,cell,14,113,477,130,487,cell,15,286,468,306,478,cell,0,247,139,641,479,body,16,496,115,522,149,cell,17,21,227,65,245,cell
31,18,1,299,94,314,110,cell,2,346,141,361,155,cell,3,419,102,439,123,cell,5,294,184,311,197,cell,6,260,190,277,203,cell,7,272,208,285,224,cell,8,183,268,203,284,cell,9,231,283,246,300,cell,10,212,365,231,385,cell,11,212,246,231,270,cell,12,212,414,231,434,cell,13,228,410,240,436,cell,14,113,477,130,487,cell,15,286,468,306,478,cell,0,247,139,640,479,body,16,497,116,522,148,cell,17,33,231,77,248,cell,18,292,0,305,12,cell
32,18,1,299,94,314,110,cell,2,347,139,364,155,cell,3,419,102,439,123,cell,5,296,184,313,197,cell,6,258,188,277,202,cell,7,273,208,286,224,cell,8,183,268,203,284,cell,9,232,283,248,301,cell,10,212,364,232,385,cell,11,208,241,228,266,cell,12,213,414,232,434,cell,13,229,410,241,436,cell,14,113,477,130,487,cell,15,286,468,306,478,cell,0,248,139,642,479,body,16,497,117,521,148,cell,17,46,234,84,249,cell,18,293,-1,306,11,cell
33,18,1,299,94,314,110,cell,2,348,139,365,155,cell,3,419,102,439,123,cell,5,296,184,313,197,cell,6,257,188,276,202,cell,7,273,208,286,223,cell,8,183,268,203,284,cell,9,234,285,249,302,cell,10,212,362,232,383,cell,11,208,240,228,265,cell,12,213,414,232,434,cell,13,229,410,241,436,cell,14,113,477,130,487,cell,15,286,468,306,478,cell,0,247,139,641,480,body,16,497,117,521,148,cell,17,46,234,85,249,cell,18,293,-2,306,10,cell
34,18,1,299,94,314,110,cell,2,349,140,366,156,cell,3,419,102,439,123,cell,5,297,183,314,196,cell,6,259,189,278,203,cell,7,273,209,286,224,cell,8,184,268,204,284,cell,9,234,285,250,303,cell,10,214,365,233,385,cell,11,208,239,228,265,cell,12,213,416,231,435,cell,13,229,410,241,436,cell,14,113,477,130,487,cell,15,286,468,306,478,cell,0,247,139,641,480,body,16,498,118,521,148,cell,17,55,236,94,251,cell,18,294,-3,307,9,cell
35,18,1,299,94,314,110,cell,2,349,140,366,156,cell,3,419,102,439,123,cell,5,297,183,314,196,cell,6,259,189,278,203,cell,7,273,209,286,224,cell,8,184,268,204,284,cell,9,234,285,250,303,cell,10,214,365,233,385,cell,11,208,239,228,265,cell,12,213,416,231,435,cell,13,229,410,241,436,cell,14,113,477,130,487,cell,15,286,468,306,478,cell,0,247,139,641,480,body,16,498,118,521,148,cell,17,55,236,95,251,cell,18,294,-3,307,9,cell
36,18,1,299,94,313,109,cell,2,351,141,368,157,cell,3,420,103,439,123,cell,5,297,183,314,196,cell,6,262,190,280,204,cell,7,273,209,286,224,cell,8,184,268,204,284,cell,9,235,286,251,304,cell,10,215,364,234,384,cell,11,207,238,226,263,cell,12,214,413,234,434,cell,13,229,410,241,436,cell,14,113,477,130,487,cell,15,286,468,306,478,cell,0,247,139,641,480,body,16,497,118,521,149,cell,17,68,238,105,252,cell,18,295,-5,308,7,cell
37,18,1,298,93,313,109,cell,2,353,141,370,157,cell,3,419,102,439,123,cell,5,297,183,314,196,cell,6,262,190,283,205,cell,7,273,210,285,224,cell,8,185,268,205,284,cell,9,235,286,250,303,cell,10,216,364,235,384,cell,11,207,237,226,261,cell,12,213,414,232,434,cell,13,230,410,241,436,cell,14,113,477,130,487,cell,15,286,468,306,478,cell,0,247,139,641,480,body,16,497,118,521,150,cell,17,80,241,115,254,cell,18,296,-5,307,5,cell
38,18,1,298,93,313,109,cell,2,353,142,370,158,cell,3,419,102,439,123,cell,5,297,183,314,196,cell,6,263,190,284,205,cell,7,273,210,285,224,cell,8,185,268,205,284,cell,9,234,285,250,304,cell,10,216,364,235,384,cell,11,206,236,225,261,cell,12,214,413,234,435,cell,13,230,410,241,436,cell,14,113,477,130,487,cell,15,286,468,306,478,cell,0,247,139,641,480,body,16,497,118,521,150,cell,17,81,241,115,254,cell,18,296,-6,307,4,cell
39,19,1,298,92,313,108,cell,2,355,144,371,159,cell,3,418,100,439,122,cell,5,298,182,315,195,cell,6,262,189,284,206,cell,7,274,212,284,224,cell,8,186,268,206,284,cell,9,237,287,253,305,cell,10,219,365,238,385,cell,11,208,237,227,261,cell,12,215,415,233,434,cell,13,231,409,243,437,cell,14,113,477,130,487,cell,15,286,468,306,478,cell,0,248,139,641,479,body,16,497,119,521,150,cell,17,98,243,131,256,cell,18,296,-6,307,4,cell,19,208,283,229,297,cell
40,19,1,298,92,313,108,cell,2,355,143,371,158,cell,3,418,100,438,122,cell,5,298,182,315,195,cell,6,262,189,285,207,cell,7,274,212,284,224,cell,8,187,268,207,284,cell,9,236,286,252,304,cell,10,220,365,239,385,cell,11,209,238,227,260,cell,12,216,414,234,433,cell,13,231,409,243,437,cell,14,113,477,130,487,cell,15,286,468,306,478,cell,0,248,139,641,479,body,16,497,121,520,151,cell,17,103,243,135,255,cell,18,296,-6,307,4,cell,19,207,283,228,297,cell
41,18,1,299,92,314,108,cell,2,357,144,373,159,cell,3,418,98,439,120,cell,5,299,182,316,195,cell,6,259,187,284,206,cell,7,273,211,284,223,cell,8,189,270,209,286,cell,10,222,364,241,385,cell,11,205,229,223,252,cell,12,217,413,237,434,cell,13,232,409,245,437,cell,14,113,477,130,487,cell,15,286,468,306,478,cell,16,497,122,519,151,cell,17,111,245,138,256,cell,18,296,-6,307,4,cell,19,203,283,223,296,cell,1,232,139,640,479,body
42,18,1,299,92,314,108,cell,2,357,144,374,160,cell,3,415,114,434,134,cell,5,299,183,315,196,cell,6,258,186,281,203,cell,7,273,211,284,223,cell,8,189,269,209,285,cell,10,224,364,243,384,cell,11,204,228,222,251,cell,12,217,414,235,433,cell,13,232,409,244,437,cell,14,113,477,130,487,cell,15,286,468,306,478,cell,16,497,122,519,150,cell,17,113,245,139,255,cell,18,296,-6,307,4,cell,19,200,283,221,297,cell,1,232,139,640,479,body
43,18,1,299,91,314,107,cell,2,358,146,374,161,cell,3,418,98,439,120,cell,5,301,183,318,196,cell,6,262,186,285,203,cell,7,273,211,284,223,cell,8,187,268,207,284,cell,10,222,363,243,385,cell,11,203,226,220,248,cell,12,217,413,236,433,cell,13,232,408,244,436,cell,14,113,477,130,487,cell,15,286,468,306,478,cell,16,496,122,518,151,cell,17,110,244,140,256,cell,18,296,-6,307,4,cell,19,199,283,220,297,cell,1,232,139,640,479,body
44,18,1,299,91,314,107,cell,2,358,147,375,163,cell,3,418,97,439,119,cell,5,301,183,318,196,cell,6,262,185,284,202,cell,7,273,210,284,223,cell,8,184,267,206,284,cell,10,225,363,244,383,cell,11,200,223,217,244,cell,12,219,415,236,433,cell,13,233,409,245,437,cell,14,113,477,130,487,cell,15,286,468,306,478,cell,16,495,124,517,152,cell,17,115,246,141,256,cell,18,296,-6,307,4,cell,19,196,283,218,297,cell,1,232,140,639,480,body
45,18,1,299,90,314,106,cell,2,359,148,376,164,cell,3,419,100,439,121,cell,5,302,182,318,194,cell,6,262,186,285,203,cell,7,273,211,284,223,cell,8,183,267,204,284,cell,10,227,365,246,385,cell,11,197,220,214,242,cell,12,220,415,238,434,cell,13,234,408,246,436,cell,14,113,477,130,487,cell,15,286,468,306,478,cell,16,494,124,515,152,cell,17,112,245,138,255,cell,18,296,-6,307,4,cell,19,191,283,214,298,cell,1,232,140,640,480,body
46,18,1,299,90,314,106,cell,2,359,149,376,165,cell,3,420,101,439,122,cell,5,304,179,320,191,cell,6,263,186,285,202,cell,7,274,210,285,222,cell,8,183,266,204,283,cell,10,227,366,246,386,cell,11,195,219,211,240,cell,12,220,415,237,433,cell,13,234,408,247,436,cell,14,113,477,130,487,cell,15,286,468,306,478,cell,16,493,124,515,152,cell,17,104,246,130,256,cell,18,296,-6,307,4,cell,19,185,282,208,297,cell,1,232,140,640,480,body
47,20,1,299,90,314,106,cell,2,359,149,376,165,cell,3,420,101,440,122,cell,5,304,179,320,191,cell,6,263,186,285,202,cell,7,274,210,285,222,cell,8,183,266,204,283,cell,10,227,366,246,386,cell,11,195,219,212,240,cell,12,220,415,237,433,cell,13,234,408,247,436,cell,14,113,477,130,487,cell,15,286,468,306,478,cell,16,493,124,515,152,cell,17,104,246,130,256,cell,18,296,-6,307,4,cell,19,185,282,208,297,cell,1,232,139,640,479,body,2,483,104,500,121,body,3,485,79,495,98,body
48,20,1,300,89,315,105,cell,2,359,152,376,168,cell,3,419,100,439,122,cell,5,308,177,324,189,cell,6,263,187,285,204,cell,7,274,211,285,223,cell,8,182,266,202,282,cell,10,230,365,249,385,cell,11,192,215,208,236,cell,12,221,416,237,432,cell,13,235,407,248,435,cell,14,113,477,130,487,cell,15,286,468,306,478,cell,16,493,125,514,153,cell,17,74,242,106,254,cell,18,296,-6,307,4,cell,19,183,283,205,298,cell,1,232,140,640,480,body,2,482,103,499,120,body,3,483,69,494,89,body
49,20,1,300,89,315,105,cell,2,360,153,378,170,cell,3,419,101,439,122,cell,5,308,177,323,189,cell,6,264,187,286,203,cell,7,273,211,284,224,cell,8,182,266,202,282,cell,10,232,365,250,384,cell,11,190,215,206,235,cell,12,222,416,237,432,cell,13,237,406,249,433,cell,14,113,477,130,487,cell,15,286,468,306,478,cell,16,493,125,514,152,cell,17,68,240,99,252,cell,18,296,-6,307,4,cell,19,195,285,210,295,cell,1,232,139,640,479,body,2,482,102,499,119,body,3,482,65,493,85,body
50,20,1,300,89,315,105,cell,2,359,153,379,171,cell,3,420,99,440,120,cell,5,311,174,328,187,cell,6,265,187,287,203,cell,7,274,212,284,224,cell,8,180,265,200,281,cell,10,234,365,251,383,cell,11,185,213,201,233,cell,12,222,413,239,431,cell,13,237,405,249,432,cell,14,113,477,130,487,cell,15,286,468,306,478,cell,16,493,126,514,153,cell,17,52,235,83,247,cell,18,300,-8,311,2,cell,19,187,284,202,294,cell,1,232,139,640,479,body,2,482,101,499,118,body,3,482,56,492,75,body
51,20,1,300,89,315,105,cell,2,359,153,379,171,cell,3,419,99,439,120,cell,5,312,173,329,186,cell,6,265,187,287,203,cell,7,274,212,285,225,cell,8,179,265,199,281,cell,10,234,365,251,383,cell,11,184,212,200,233,cell,12,222,413,239,431,cell,13,237,405,249,432,cell,14,113,477,130,487,cell,15,286,468,306,478,cell,16,493,126,514,153,cell,17,52,235,83,247,cell,18,300,-8,311,2,cell,19,187,284,202,294,cell,1,232,140,640,480,body,2,481,101,498,118,body,3,482,55,492,75,body
52,20,1,301,89,316,105,cell,2,357,152,369,163,cell,3,419,99,439,120,cell,5,313,172,330,185,cell,6,265,188,287,204,cell,7,275,213,285,225,cell,8,179,265,199,281,cell,10,235,364,252,382,cell,11,182,211,199,232,cell,12,222,412,240,431,cell,13,237,405,250,434,cell,14,113,477,130,487,cell,15,286,468,306,478,cell,16,493,128,514,155,cell,17,45,234,77,246,cell,18,300,-6,311,4,cell,19,186,283,201,293,cell,1,232,140,640,480,body,2,482,102,499,119,body,3,482,53,493,73,body
53,20,1,302,90,317,106,cell,2,352,151,364,162,cell,3,420,97,440,118,cell,5,315,170,332,183,cell,6,265,189,286,205,cell,7,276,214,286,226,cell,8,177,266,196,282,cell,10,236,364,254,383,cell,11,175,210,191,230,cell,12,223,412,241,431,cell,13,239,405,251,433,cell,14,113,477,130,487,cell,15,286,468,306,478,cell,16,494,129,514,155,cell,17,31,231,63,243,cell,18,298,-6,311,6,cell,19,185,279,201,290,cell,1,232,140,640,480,body,2,482,102,499,119,body,3,482,45,492,65,body
54,20,1,302,90,317,106,cell,2,352,151,364,162,cell,3,421,98,440,118,cell,5,317,171,334,184,cell,6,265,189,286,205,cell,7,276,214,287,226,cell,8,178,265,198,281,cell,10,238,364,256,382,cell,11,173,210,189,231,cell,12,224,412,243,432,cell,13,239,405,252,433,cell,14,113,477,130,487,cell,15,286,468,306,478,cell,16,494,129,514,156,cell,17,31,231,60,242,cell,18,298,-6,311,6,cell,19,183,277,199,288,cell,1,232,140,640,480,body,2,483,102,500,119,body,3,482,41,492,60,body
55,20,1,302,90,317,106,cell,2,351,151,363,162,cell,3,420,98,441,120,cell,5,319,172,336,185,cell,6,265,189,285,204,cell,7,277,215,287,227,cell,8,182,264,203,281,cell,10,238,364,255,381,cell,11,170,209,187,230,cell,12,224,412,242,431,cell,13,240,405,253,434,cell,14,113,477,130,487,cell,15,286,468,306,478,cell,16,495,128,516,155,cell,17,31,231,60,242,cell,18,299,-6,312,6,cell,19,184,278,199,288,cell,1,232,140,640,480,body,2,482,101,500,119,body,3,483,37,493,56,body
56,20,1,302,90,317,106,cell,2,352,152,363,162,cell,3,420,98,441,120,cell,5,320,172,337,185,cell,6,266,189,286,204,cell,7,277,215,288,227,cell,8,182,264,204,282,cell,10,239,365,256,383,cell,11,168,208,185,230,cell,12,224,412,243,432,cell,13,241,405,253,433,cell,14,113,477,130,487,cell,15,286,468,306,478,cell,16,495,129,515,155,cell,17,29,230,62,243,cell,18,300,-6,313,6,cell,19,188,278,203,288,cell,1,233,140,641,480,body,2,483,103,500,120,body,3,482,32,492,52,body
57,20,1,303,90,318,106,cell,2,351,153,362,163,cell,3,420,98,441,120,cell,5,316,175,332,188,cell,6,266,190,285,205,cell,7,278,215,289,227,cell,8,182,265,202,281,cell,10,240,366,255,382,cell,11,165,210,181,230,cell,12,223,411,242,431,cell,13,240,404,253,433,cell,14,113,477,130,487,cell,15,286,468,306,478,cell,16,496,129,516,155,cell,17,29,230,61,242,cell,18,301,-5,314,7,cell,19,191,278,206,288,cell,1,233,140,641,480,body,2,483,103,500,120,body,3,483,28,493,48,body
58,20,1,303,90,318,106,cell,2,353,152,365,164,cell,3,420,98,441,120,cell,5,316,176,333,189,cell,6,266,190,285,204,cell,7,279,215,290,227,cell,8,182,265,201,280,cell,10,242,366,256,380,cell,11,157,209,174,231,cell,12,224,412,242,431,cell,13,241,405,254,433,cell,14,113,477,130,487,cell,15,286,468,306,478,cell,16,496,129,516,155,cell,17,28,230,59,242,cell,18,303,-6,316,6,cell,19,190,277,206,287,cell,1,233,141,641,481,body,2,483,102,501,120,body,3,481,26,492,47,body
59,20,1,304,91,319,107,cell,2,352,153,364,164,cell,3,420,97,441,119,cell,5,317,176,334,189,cell,6,266,190,284,204,cell,7,281,216,292,228,cell,8,182,265,204,282,cell,10,243,366,256,380,cell,11,153,208,171,232,cell,12,225,412,244,432,cell,13,241,405,253,433,cell,14,113,477,130,487,cell,15,286,468,306,478,cell,16,496,129,516,155,cell,17,26,229,57,241,cell,18,302,-4,315,8,cell,19,189,276,204,286,cell,1,233,141,641,481,body,2,483,104,500,121,body,3,481,23,492,44,body
60,22,1,304,91,319,107,cell,2,352,152,369,168,cell,3,420,97,441,119,cell,5,317,177,334,190,cell,6,266,190,284,204,cell,7,282,216,292,228,cell,8,181,265,202,282,cell,10,243,366,256,379,cell,11,152,209,170,232,cell,12,225,411,243,430,cell,13,241,405,254,433,cell,14,113,477,130,487,cell,15,286,468,306,478,cell,16,497,129,517,155,cell,17,25,229,55,241,cell,18,301,-3,314,9,cell,19,189,276,204,286,cell,1,233,141,641,481,body,2,483,103,500,120,body,3,482,23,493,43,body,4,395,66,418,79,body,5,299,26,320,55,body
61,22,1,305,91,320,107,cell,2,353,153,370,169,cell,3,420,97,441,119,cell,5,317,178,334,191,cell,6,267,191,285,205,cell,7,283,218,294,231,cell,8,182,265,204,283,cell,10,244,366,256,379,cell,11,148,208,166,230,cell,12,223,411,243,432,cell,13,241,405,254,434,cell,14,113,477,130,487,cell,15,286,468,306,478,cell,16,496,129,516,155,cell,17,25,229,54,240,cell,18,301,-3,314,9,cell,19,188,275,203,285,cell,1,233,141,641,481,body,2,483,103,501,121,body,3,480,21,491,41,body,4,394,65,417,78,body,5,299,26,320,55,body
62,22,1,305,91,320,107,cell,2,355,156,371,171,cell,3,420,96,441,118,cell,5,320,177,336,189,cell,6,267,191,285,204,cell,7,282,220,293,233,cell,8,182,267,206,286,cell,10,244,366,255,378,cell,11,134,204,154,229,cell,12,225,411,244,431,cell,13,241,405,253,433,cell,14,113,477,130,487,cell,15,286,468,306,478,cell,16,497,129,517,155,cell,17,24,228,53,239,cell,18,301,-3,314,9,cell,19,189,276,204,286,cell,1,233,141,641,481,body,2,483,103,500,120,body,3,480,19,490,39,body,4,393,63,415,75,body,5,299,26,319,54,body
63,22,1,305,92,320,108,cell,2,355,157,371,172,cell,3,420,96,441,118,cell,5,320,178,336,190,cell,6,267,191,285,205,cell,7,283,220,294,232,cell,8,183,267,206,286,cell,10,243,366,255,379,cell,11,133,203,152,227,cell,12,224,411,243,431,cell,13,241,405,254,433,cell,14,113,477,130,487,cell,15,286,468,306,478,cell,16,497,130,517,156,cell,17,23,228,53,240,cell,18,301,-4,314,8,cell,19,190,276,205,286,cell,1,233,141,641,481,body,2,483,103,500,120,body,3,481,18,491,37,body,4,392,61,414,74,body,5,299,25,319,53,body
64,22,1,306,92,321,108,cell,2,356,159,373,175,cell,3,420,96,441,118,cell,5,321,178,337,190,cell,6,267,192,285,206,cell,7,283,221,294,233,cell,8,184,268,207,286,cell,10,243,366,255,378,cell,11,131,204,150,228,cell,12,226,412,244,431,cell,13,242,405,255,434,cell,14,113,477,130,487,cell,15,286,468,306,478,cell,16,497,130,517,156,cell,17,23,227,52,238,cell,18,301,-4,314,8,cell,19,191,276,206,286,cell,1,233,141,641,481,body,2,482,103,499,120,body,3,481,16,491,35,body,4,392,61,414,73,body,5,298,25,318,53,body
65,22,1,306,92,321,108,cell,2,357,159,374,175,cell,3,420,95,441,117,cell,5,322,178,338,190,cell,6,268,192,286,205,cell,7,284,220,295,233,cell,8,185,268,208,286,cell,10,243,366,255,378,cell,11,129,203,147,226,cell,12,227,412,246,432,cell,13,242,405,255,434,cell,14,113,477,130,487,cell,15,286,468,306,478,cell,16,497,130,517,156,cell,17,24,227,53,238,cell,18,301,-4,314,8,cell,19,191,276,206,286,cell,1,233,141,641,481,body,2,483,102,500,119,body,3,481,14,491,33,body,4,392,59,413,71,body,5,299,25,318,52,body
66,22,1,306,92,321,108,cell,2,358,160,375,176,cell,3,421,95,442,117,cell,5,322,177,339,190,cell,6,268,192,285,205,cell,7,284,220,295,233,cell,8,186,268,209,287,cell,10,243,366,255,378,cell,11,129,203,147,226,cell,12,227,411,247,432,cell,13,241,404,255,435,cell,14,113,477,130,487,cell,15,286,468,306,478,cell,16,497,130,517,156,cell,17,25,227,54,238,cell,18,301,-4,314,8,cell,19,199,276,217,288,cell,1,233,141,641,481,body,2,483,102,500,119,body,3,481,13,491,32,body,4,390,58,413,71,body,5,296,21,318,52,body
67,22,1,307,93,322,109,cell,2,361,162,377,177,cell,3,422,97,443,119,cell,5,322,177,339,190,cell,6,269,192,286,204,cell,7,287,221,297,233,cell,8,187,266,213,287,cell,10,243,366,255,379,cell,11,127,201,146,225,cell,12,228,414,245,432,cell,13,241,403,255,434,cell,14,113,477,130,487,cell,15,286,468,306,478,cell,16,497,130,516,155,cell,17,24,226,53,237,cell,18,302,-4,315,8,cell,19,199,275,216,286,cell,1,233,141,641,481,body,2,484,101,501,118,body,3,481,9,491,28,body,4,392,57,412,68,body,5,295,20,317,51,body
68,22,1,307,94,322,110,cell,2,360,163,377,179,cell,3,422,98,443,120,cell,5,321,176,339,190,cell,6,270,193,287,205,cell,7,288,221,298,233,cell,8,186,266,209,284,cell,10,242,366,254,379,cell,11,125,201,142,222,cell,12,229,414,245,431,cell,13,242,404,256,435,cell,14,113,477,130,487,cell,15,286,468,306,478,cell,16,497,130,516,155,cell,17,23,226,52,237,cell,18,302,-3,315,9,cell,19,197,274,215,286,cell,1,233,141,641,481,body,2,483,101,500,118,body,3,483,3,493,22,body,4,393,57,412,68,body,5,296,26,314,51,body
69,22,1,307,94,322,110,cell,2,362,164,378,179,cell,3,421,99,443,123,cell,5,321,176,339,190,cell,6,270,193,287,206,cell,7,288,221,298,233,cell,8,186,266,208,284,cell,10,242,366,254,379,cell,11,124,200,142,222,cell,12,229,412,247,430,cell,13,243,405,257,435,cell,14,113,477,130,487,cell,15,286,468,306,478,cell,16,497,130,516,155,cell,17,22,225,51,236,cell,18,302,-4,315,8,cell,19,197,274,214,285,cell,1,233,141,641,481,body,2,484,100,501,117,body,3,483,3,493,22,body,4,393,56,411,66,body,5,295,26,313,50,body
70,22,1,307,95,322,111,cell,2,363,164,378,178,cell,3,421,98,442,121,cell,5,322,177,339,190,cell,6,271,193,286,204,cell,7,288,221,298,233,cell,8,186,266,208,284,cell,10,242,366,254,379,cell,11,122,200,139,222,cell,12,229,412,247,431,cell,13,243,405,256,435,cell,14,113,477,130,487,cell,15,286,468,306,478,cell,16,497,130,516,155,cell,17,23,224,53,235,cell,18,302,-4,315,8,cell,19,198,274,215,285,cell,1,234,141,642,481,body,2,484,100,501,117,body,3,483,0,493,19,body,4,393,55,411,65,body,5,295,26,313,51,body
71,22,1,307,95,322,111,cell,2,363,164,378,178,cell,3,421,98,443,121,cell,5,322,177,338,190,cell,6,271,194,286,205,cell,7,289,221,299,233,cell,8,185,266,207,284,cell,10,242,365,255,378,cell,11,122,200,139,222,cell,12,229,412,247,431,cell,13,243,405,256,435,cell,14,113,477,130,487,cell,15,286,468,306,478,cell,16,497,130,516,155,cell,17,23,224,53,236,cell,18,302,-4,315,8,cell,19,198,274,215,285,cell,1,234,142,642,482,body,2,484,100,501,117,body,3,483,0,493,19,body,4,394,55,412,65,body,5,295,26,312,50,body
72,22,1,307,96,322,112,cell,2,358,140,374,155,cell,3,420,97,441,120,cell,5,319,179,336,192,cell,6,272,195,287,206,cell,7,290,222,300,234,cell,8,186,266,208,284,cell,10,243,366,255,379,cell,11,106,190,125,215,cell,12,230,411,248,430,cell,13,246,405,258,433,cell,14,113,477,130,487,cell,15,293,462,313,472,cell,16,497,130,516,155,cell,17,23,224,51,235,cell,18,303,-5,316,7,cell,19,196,275,213,287,cell,1,234,142,641,482,body,2,484,98,501,115,body,3,484,-6,494,13,body,4,396,50,414,60,body,5,294,25,312,50,body
73,22,1,307,96,322,112,cell,2,359,140,375,155,cell,3,421,97,442,119,cell,5,319,179,336,192,cell,6,272,195,287,206,cell,7,290,221,300,233,cell,8,186,266,208,284,cell,10,243,367,255,380,cell,11,105,189,125,214,cell,12,231,411,249,430,cell,13,246,405,258,432,cell,14,113,477,130,487,cell,15,293,462,313,472,cell,16,497,130,516,155,cell,17,24,225,53,236,cell,18,303,-5,316,7,cell,19,194,274,213,286,cell,1,234,142,641,482,body,2,484,98,501,115,body,3,484,-7,494,12,body,4,398,48,416,58,body,5,294,24,313,50,body
74,22,1,306,97,321,113,cell,2,358,139,374,154,cell,3,420,96,441,118,cell,5,319,182,336,195,cell,6,273,195,287,206,cell,7,291,221,301,233,cell,8,186,267,208,285,cell,10,243,368,255,381,cell,11,103,189,123,214,cell,12,230,412,249,432,cell,13,245,405,257,431,cell,14,113,477,130,487,cell,15,293,462,313,472,cell,16,497,130,516,155,cell,17,25,225,55,237,cell,18,303,-5,316,7,cell,19,195,274,214,286,cell,1,234,142,641,481,body,2,483,96,500,113,body,3,486,-11,496,8,body,4,402,41,420,51,body,5,294,24,313,50,body
75,22,1,306,97,321,113,cell,2,358,142,372,156,cell,3,419,95,440,118,cell,5,317,186,334,199,cell,6,275,197,290,208,cell,7,291,221,302,234,cell,8,188,267,210,285,cell,10,243,368,256,381,cell,11,100,189,119,213,cell,12,231,410,250,430,cell,13,247,405,258,431,cell,14,113,477,130,487,cell,15,293,462,313,472,cell,16,497,130,516,155,cell,17,29,225,62,238,cell,18,304,-5,317,7,cell,19,195,273,214,286,cell,1,234,143,641,482,body,2,484,96,501,113,body,3,486,-11,496,8,body,4,408,28,433,42,body,5,293,23,312,49,body
76,22,1,305,97,320,113,cell,2,358,142,373,156,cell,3,419,94,440,116,cell,5,317,185,334,198,cell,6,275,197,289,208,cell,7,292,221,303,234,cell,8,186,267,210,286,cell,10,243,369,256,382,cell,11,100,189,118,213,cell,12,231,411,249,430,cell,13,247,404,259,430,cell,14,113,477,130,487,cell,15,293,462,313,472,cell,16,497,130,516,155,cell,17,30,226,63,239,cell,18,304,-5,316,6,cell,19,195,274,214,287,cell,1,234,143,641,482,body,2,484,96,501,113,body,3,486,-11,496,8,body,4,408,27,432,41,body,5,293,23,312,49,body
77,22,1,304,97,319,113,cell,2,356,142,371,156,cell,3,419,93,440,115,cell,5,316,186,335,200,cell,6,275,198,289,209,cell,7,291,224,302,237,cell,8,184,270,209,290,cell,10,243,370,256,384,cell,11,88,187,107,211,cell,12,229,411,248,431,cell,13,249,405,260,430,cell,14,113,477,130,487,cell,15,293,462,313,472,cell,16,497,129,516,154,cell,17,40,226,74,239,cell,18,305,-6,317,5,cell,19,194,277,213,290,cell,1,234,143,641,482,body,2,484,94,501,111,body,3,486,-11,496,8,body,4,411,24,434,37,body,5,291,23,309,48,body
78,22,1,304,97,319,113,cell,2,354,141,371,157,cell,3,420,93,441,115,cell,5,316,186,335,200,cell,6,275,198,290,209,cell,7,290,224,302,238,cell,8,184,270,209,290,cell,10,243,370,256,384,cell,11,88,188,106,210,cell,12,230,413,248,432,cell,13,249,405,260,429,cell,14,113,477,130,487,cell,15,293,462,313,472,cell,16,497,129,516,154,cell,17,44,228,75,240,cell,18,305,-6,316,4,cell,19,194,277,214,290,cell,1,235,143,642,482,body,2,483,94,501,112,body,3,486,-11,496,8,body,4,413,24,436,37,body,5,290,22,308,47,body
79,22,1,303,96,318,112,cell,2,353,141,370,157,cell,3,420,93,442,116,cell,5,316,186,335,200,cell,6,275,199,290,210,cell,7,291,225,302,238,cell,8,183,269,211,291,cell,10,244,370,257,384,cell,11,87,188,105,210,cell,12,231,412,251,433,cell,13,250,405,261,429,cell,14,113,477,130,487,cell,15,293,462,313,472,cell,16,497,129,516,154,cell,17,49,229,86,243,cell,18,305,-6,316,4,cell,19,194,277,214,290,cell,1,235,143,642,482,body,2,484,94,501,111,body,3,486,-11,496,8,body,4,414,24,436,37,body,5,290,22,309,48,body
80,22,1,303,96,318,112,cell,2,353,141,372,158,cell,3,420,91,441,113,cell,5,314,186,334,201,cell,6,275,201,290,213,cell,7,292,226,303,239,cell,8,177,269,205,291,cell,10,244,371,256,383,cell,11,84,188,101,210,cell,12,232,412,251,432,cell,13,250,404,261,428,cell,14,113,477,130,487,cell,15,293,462,313,472,cell,16,498,129,517,154,cell,17,69,233,108,248,cell,18,304,-7,315,3,cell,19,192,280,210,292,cell,1,235,143,642,482,body,2,484,93,502,111,body,3,486,-11,496,8,body,4,414,21,441,36,body,5,289,21,307,46,body
81,22,1,302,95,317,111,cell,2,352,141,372,159,cell,3,419,92,440,114,cell,5,314,187,333,202,cell,6,274,201,290,213,cell,7,292,226,303,239,cell,8,184,271,208,290,cell,10,245,371,255,382,cell,11,80,185,100,210,cell,12,232,412,252,433,cell,13,249,404,260,429,cell,14,113,477,130,487,cell,15,293,462,313,472,cell,16,498,129,517,154,cell,17,93,242,127,255,cell,18,305,-6,316,4,cell,19,192,280,210,292,cell,1,235,143,642,482,body,2,486,93,503,110,body,3,486,-11,496,8,body,4,413,24,435,37,body,5,288,20,307,46,body
82,22,1,302,95,317,111,cell,2,352,140,372,158,cell,3,418,91,440,114,cell,5,312,186,332,201,cell,6,274,201,290,213,cell,7,294,226,305,239,cell,8,178,270,209,294,cell,10,244,371,255,382,cell,11,77,184,98,211,cell,12,232,410,253,432,cell,13,250,404,261,429,cell,14,113,477,130,487,cell,15,293,462,313,472,cell,16,498,128,517,153,cell,17,99,243,133,256,cell,18,305,-6,316,4,cell,19,195,279,212,290,cell,1,235,143,642,483,body,2,486,93,503,110,body,3,486,-11,496,8,body,4,413,24,435,36,body,5,287,20,305,45,body
83,23,1,302,94,317,110,cell,2,353,142,371,159,cell,3,418,92,440,115,cell,5,313,186,333,201,cell,6,275,201,290,213,cell,7,295,227,306,239,cell,8,180,270,209,293,cell,10,245,371,256,383,cell,11,79,183,100,209,cell,12,233,411,253,432,cell,13,250,404,261,429,cell,14,113,477,130,487,cell,15,293,462,313,472,cell,16,498,128,518,154,cell,17,103,243,137,256,cell,18,305,-6,316,4,cell,19,194,279,211,291,cell,1,235,143,642,483,body,2,486,93,504,111,body,3,486,-11,496,8,body,4,413,25,433,36,body,5,287,20,306,46,body,6,186,219,202,232,body
84,23,1,303,94,318,110,cell,2,353,139,374,159,cell,3,417,92,439,115,cell,5,313,186,333,201,cell,6,275,201,290,213,cell,7,295,227,305,239,cell,8,179,270,209,294,cell,10,245,371,256,383,cell,11,79,183,99,209,cell,12,234,413,252,432,cell,13,250,404,261,429,cell,14,113,477,130,487,cell,15,293,462,313,472,cell,16,498,128,518,153,cell,17,109,245,138,256,cell,18,306,-6,317,4,cell,19,194,279,211,290,cell,1,235,143,642,482,body,2,485,95,502,112,body,3,486,-11,496,8,body,4,413,25,432,36,body,5,287,20,305,46,body,6,186,219,202,232,body
85,23,1,303,93,318,109,cell,2,352,138,372,157,cell,3,417,92,439,115,cell,5,312,185,334,202,cell,6,275,201,290,212,cell,7,295,227,305,239,cell,8,185,273,208,292,cell,10,244,371,255,383,cell,11,79,180,100,207,cell,12,233,412,252,432,cell,13,250,404,261,429,cell,14,113,477,130,487,cell,15,293,462,313,472,cell,16,499,129,518,154,cell,17,111,245,141,257,cell,18,306,-7,317,3,cell,19,186,274,204,286,cell,1,235,143,642,482,body,2,484,97,501,114,body,3,486,-11,496,8,body,4,411,24,429,34,body,5,287,20,305,45,body,6,186,218,202,231,body
86,23,1,303,93,318,109,cell,2,351,138,371,157,cell,3,416,92,438,116,cell,5,313,184,335,200,cell,6,275,201,290,212,cell,7,296,227,306,239,cell,8,175,270,206,295,cell,10,244,371,255,383,cell,11,81,180,101,206,cell,12,234,412,253,432,cell,13,250,404,261,429,cell,14,113,477,130,487,cell,15,293,462,313,472,cell,16,499,129,518,154,cell,17,110,244,142,257,cell,18,306,-7,317,3,cell,19,186,275,203,286,cell,1,235,143,642,482,body,2,483,97,500,114,body,3,486,-11,496,8,body,4,410,24,428,34,body,5,287,20,305,45,body,6,187,218,203,231,body
87,23,1,304,93,319,109,cell,2,351,139,373,160,cell,3,416,91,438,114,cell,5,314,183,336,199,cell,6,275,201,290,212,cell,7,297,226,307,238,cell,8,175,270,206,295,cell,10,244,371,255,383,cell,11,81,178,101,204,cell,12,235,412,254,432,cell,13,250,404,261,430,cell,14,113,477,130,487,cell,15,293,462,313,472,cell,16,499,129,518,153,cell,17,116,244,151,257,cell,18,306,-7,317,3,cell,19,186,275,203,286,cell,1,235,143,642,482,body,2,484,99,500,115,body,3,486,-11,496,8,body,4,410,23,428,33,body,5,287,20,305,45,body,6,187,217,204,230,body
88,23,1,304,92,319,108,cell,2,349,137,373,160,cell,3,416,92,438,116,cell,5,314,182,335,198,cell,6,275,201,290,212,cell,7,296,226,306,238,cell,8,174,268,208,295,cell,10,243,371,254,382,cell,11,80,175,100,201,cell,12,234,411,254,432,cell,13,251,404,262,428,cell,14,113,477,130,487,cell,15,292,463,313,474,cell,16,499,129,518,153,cell,17,119,245,153,258,cell,18,306,-8,317,2,cell,19,179,274,201,289,cell,1,235,143,642,482,body,2,486,101,501,116,body,3,486,-11,496,8,body,4,407,12,433,27,body,5,287,19,305,44,body,6,188,217,204,230,body
89,23,1,305,92,320,108,cell,2,350,136,375,159,cell,3,415,92,437,115,cell,5,316,182,338,199,cell,6,275,202,290,213,cell,7,296,226,306,238,cell,8,174,268,207,295,cell,10,243,372,254,383,cell,11,80,175,99,199,cell,12,235,411,254,431,cell,13,251,405,262,429,cell,14,113,477,130,487,cell,15,292,464,313,475,cell,16,499,129,518,153,cell,17,121,245,155,258,cell,18,306,-8,317,2,cell,19,179,274,201,289,cell,1,235,143,642,482,body,2,486,101,501,116,body,3,486,-11,496,8,body,4,406,14,432,29,body,5,287,19,305,44,body,6,189,216,205,229,body
90,24,1,305,92,320,108,cell,2,354,140,376,161,cell,3,415,92,437,115,cell,5,316,182,337,198,cell,6,275,202,290,213,cell,7,296,227,306,239,cell,8,173,268,207,295,cell,10,243,371,254,382,cell,11,81,175,100,199,cell,12,234,412,254,433,cell,13,251,404,262,429,cell,14,113,477,130,487,cell,15,292,464,312,474,cell,16,499,129,518,153,cell,17,125,247,158,260,cell,18,305,-8,316,2,cell,19,181,273,202,287,cell,1,235,143,642,482,body,2,486,101,501,116,body,3,486,-11,496,8,body,4,406,9,435,25,body,5,287,19,305,44,body,6,189,216,205,229,body,7,576,141,588,161,body
91,24,1,306,92,321,108,cell,2,350,136,374,159,cell,3,417,95,438,117,cell,5,317,181,338,197,cell,6,275,202,290,213,cell,7,295,226,305,238,cell,8,173,267,209,296,cell,10,243,371,255,383,cell,11,85,171,104,195,cell,12,235,410,255,432,cell,13,251,405,262,429,cell,14,113,477,130,487,cell,15,293,464,313,474,cell,16,499,128,518,152,cell,17,125,247,159,260,cell,18,307,-8,318,2,cell,19,181,272,203,287,cell,1,235,143,642,482,body,2,486,102,501,117,body,3,486,-11,496,8,body,4,405,6,431,21,body,5,287,18,305,43,body,6,189,217,205,230,body,7,576,139,588,159,body
92,24,1,306,92,321,108,cell,2,352,136,376,159,cell,3,418,97,438,118,cell,5,318,179,339,195,cell,6,275,202,290,213,cell,7,296,224,307,237,cell,8,173,267,209,296,cell,10,244,373,255,385,cell,11,84,168,103,192,cell,12,235,411,254,431,cell,13,252,405,263,429,cell,14,113,477,130,487,cell,15,255,449,275,459,cell,16,499,128,518,152,cell,17,126,246,164,261,cell,18,306,-8,317,2,cell,19,181,272,203,287,cell,1,235,142,642,481,body,2,486,103,501,118,body,3,486,-15,496,4,body,4,404,5,429,19,body,5,287,19,306,45,body,6,189,217,205,230,body,7,577,138,590,159,body
93,24,1,307,93,322,109,cell,2,352,138,375,159,cell,3,418,101,439,123,cell,5,316,177,339,195,cell,6,275,202,290,213,cell,7,296,224,308,238,cell,8,174,268,209,296,cell,10,243,373,254,385,cell,11,85,166,103,189,cell,12,235,412,252,430,cell,13,249,404,261,430,cell,14,113,477,130,487,cell,15,252,451,272,461,cell,16,499,128,517,152,cell,17,126,246,167,262,cell,18,306,-8,317,2,cell,19,182,274,203,288,cell,1,236,142,643,481,body,2,486,104,501,119,body,3,486,-13,497,8,body,4,403,3,429,18,body,5,288,19,306,44,body,6,189,217,205,230,body,7,576,136,588,156,body
94,24,1,307,93,322,109,cell,2,352,137,375,159,cell,3,418,104,440,127,cell,5,315,175,338,193,cell,6,276,203,291,214,cell,7,298,223,309,236,cell,8,176,267,211,295,cell,10,242,372,253,384,cell,11,87,165,103,185,cell,12,235,415,252,433,cell,13,247,405,259,432,cell,14,113,477,130,487,cell,15,249,450,269,460,cell,16,499,128,518,153,cell,17,125,246,167,262,cell,18,306,-8,317,2,cell,19,186,274,205,286,cell,1,235,142,642,481,body,2,487,105,502,120,body,3,486,-13,497,8,body,4,403,2,428,16,body,5,291,19,306,40,body,6,192,217,208,230,body,7,576,133,588,153,body
95,24,1,307,93,322,109,cell,2,352,137,375,159,cell,3,419,108,439,129,cell,5,321,175,340,189,cell,6,276,203,291,214,cell,7,298,223,308,235,cell,8,176,267,212,296,cell,10,243,372,254,383,cell,11,87,164,102,183,cell,12,242,410,261,430,cell,13,251,402,263,430,cell,14,113,477,130,487,cell,15,242,452,264,463,cell,16,500,129,520,155,cell,17,121,247,156,261,cell,18,306,-8,317,2,cell,19,187,276,206,289,cell,1,235,142,642,481,body,2,488,108,503,123,body,3,486,-13,497,8,body,4,402,-2,428,12,body,5,292,16,308,37,body,6,192,218,207,231,body,7,577,136,588,155,body
96,24,1,307,94,322,110,cell,2,352,137,374,158,cell,3,420,110,440,131,cell,5,322,175,341,189,cell,6,276,203,291,214,cell,7,297,224,308,236,cell,8,186,271,212,291,cell,10,243,372,254,384,cell,11,84,164,99,183,cell,12,242,410,261,430,cell,13,255,406,266,430,cell,14,113,477,130,487,cell,15,241,453,262,464,cell,16,501,129,521,155,cell,17,114,245,154,261,cell,18,306,-8,317,2,cell,19,185,275,205,288,cell,1,235,143,642,482,body,2,489,110,504,125,body,3,486,-13,497,8,body,4,400,-5,428,11,body,5,293,16,309,38,body,6,192,217,208,230,body,7,576,141,587,159,body
97,24,1,307,94,322,110,cell,2,351,137,375,159,cell,3,420,111,440,132,cell,5,321,174,340,189,cell,6,276,203,291,214,cell,7,297,224,308,236,cell,8,194,269,217,287,cell,10,244,372,255,383,cell,11,84,162,99,181,cell,12,246,412,263,430,cell,13,253,406,264,431,cell,14,113,477,130,487,cell,15,240,453,262,464,cell,16,501,129,521,155,cell,17,112,244,155,261,cell,18,308,-8,319,2,cell,19,185,275,205,289,cell,1,235,143,642,482,body,2,489,110,504,125,body,3,486,-13,497,8,body,4,400,-5,427,10,body,5,293,16,309,38,body,6,191,217,207,230,body,7,577,142,588,160,body
98,18,1,307,93,322,109,cell,6,276,204,290,215,cell,11,84,163,99,182,cell,14,113,477,130,487,cell,15,237,454,259,465,cell,17,105,245,138,258,cell,18,308,-8,319,2,cell,1,235,143,642,482,body,4,398,-6,424,9,body,5,293,16,309,38,body,6,191,217,207,230,body,7,579,134,591,153,body,8,356,80,391,125,body,9,481,15,493,38,body,10,152,268,177,285,body,12,189,267,211,290,body,13,226,247,247,264,body,14,230,322,256,339,body
99,18,1,307,93,323,110,cell,6,276,204,290,215,cell,11,81,164,96,183,cell,14,113,477,130,487,cell,15,233,456,255,467,cell,17,68,237,102,250,cell,18,308,-8,319,2,cell,1,235,143,642,482,body,4,396,-6,420,8,body,5,294,15,310,37,body,6,191,218,207,231,body,7,579,136,590,155,body,8,355,78,389,122,body,9,481,16,493,39,body,10,151,269,176,286,body,12,189,272,208,292,body,13,232,249,253,266,body,14,230,321,256,338,body
100,18,1,307,93,323,110,cell,6,277,204,292,215,cell,11,79,162,95,182,cell,14,113,477,130,487,cell,15,232,457,254,468,cell,17,63,236,99,250,cell,18,308,-8,319,2,cell,1,235,143,642,482,body,4,395,-4,418,9,body,5,294,15,310,37,body,6,192,218,208,231,body,7,578,134,590,154,body,8,353,77,388,121,body,9,481,14,493,38,body,10,152,269,177,286,body,12,191,271,210,291,body,13,237,252,257,268,body,14,229,322,255,339,body
101,18,1,306,94,322,111,cell,6,277,204,292,215,cell,11,72,153,89,175,cell,14,113,477,130,487,cell,15,232,457,254,468,cell,17,63,236,94,248,cell,18,308,-8,319,2,cell,1,235,143,642,483,body,4,394,-4,415,8,body,5,295,16,310,37,body,6,193,219,209,232,body,7,578,134,590,154,body,8,353,74,384,114,body,9,482,9,495,34,body,10,153,268,178,285,body,12,195,270,214,290,body,13,237,252,257,268,body,14,229,322,255,339,body
102,18,1,306,94,322,111,cell,6,277,204,292,215,cell,11,71,152,89,174,cell,14,113,477,130,487,cell,15,232,460,252,470,cell,17,64,236,96,248,cell,18,308,-8,319,2,cell,1,235,143,642,483,body,4,394,-3,414,8,body,5,295,16,310,37,body,6,193,219,209,232,body,7,579,134,591,153,body,8,353,74,384,114,body,9,485,0,497,23,body,10,152,268,177,285,body,12,195,269,215,290,body,13,237,252,257,268,body,14,229,321,255,338,body
103,18,1,306,94,322,111,cell,6,277,204,292,215,cell,11,72,150,89,171,cell,14,113,477,130,487,cell,15,230,464,250,474,cell,17,64,236,96,248,cell,18,308,-8,319,2,cell,1,235,143,642,483,body,4,393,-5,414,7,body,5,294,14,309,35,body,6,194,218,210,231,body,7,579,133,590,152,body,8,352,73,384,114,body,9,485,0,497,23,body,10,154,267,179,284,body,12,198,273,217,293,body,13,237,252,257,268,body,14,228,319,254,336,body
104,18,1,306,94,322,111,cell,6,277,204,292,215,cell,11,72,150,89,172,cell,14,113,477,130,487,cell,15,230,464,250,474,cell,17,64,236,96,248,cell,18,308,-8,319,2,cell,1,235,143,642,483,body,4,393,-5,414,7,body,5,294,14,309,35,body,6,194,218,210,231,body,7,579,133,590,152,body,8,352,73,384,114,body,9,485,0,497,23,body,10,154,267,179,284,body,12,198,272,217,292,body,13,237,252,257,268,body,14,228,319,255,337,body
105,18,1,304,93,320,110,cell,6,277,205,291,215,cell,11,68,134,81,151,cell,14,113,477,130,487,cell,15,230,464,250,474,cell,17,38,224,74,238,cell,18,308,-8,319,2,cell,1,233,143,641,483,body,4,389,-6,414,8,body,5,292,15,307,36,body,6,193,218,209,231,body,7,576,131,587,150,body,8,351,74,383,115,body,9,485,0,497,23,body,10,155,266,179,283,body,12,196,268,214,287,body,13,237,252,257,268,body,14,229,314,255,331,body
106,18,1,303,93,319,110,cell,6,277,205,291,215,cell,11,68,132,82,149,cell,14,113,477,130,487,cell,15,230,464,250,474,cell,17,35,223,71,237,cell,18,303,-8,314,2,cell,1,233,143,640,482,body,4,388,-5,411,8,body,5,289,14,305,37,body,6,193,219,209,232,body,7,576,131,587,150,body,8,351,74,384,116,body,9,485,0,497,23,body,10,159,267,183,283,body,12,197,270,218,292,body,13,237,252,257,268,body,14,228,314,252,330,body
107,18,1,302,93,318,110,cell,6,276,205,290,215,cell,11,68,132,82,150,cell,14,113,477,130,487,cell,15,230,464,250,474,cell,17,35,223,71,237,cell,18,303,-8,314,2,cell,1,233,143,640,483,body,4,388,-5,411,8,body,5,290,14,306,37,body,6,193,219,209,232,body,7,576,130,587,149,body,8,351,73,384,115,body,9,485,0,497,23,body,10,158,268,182,285,body,12,197,270,218,292,body,13,237,252,257,268,body,14,228,314,252,330,body
108,18,1,301,94,317,111,cell,6,276,207,290,217,cell,11,68,130,81,147,cell,14,113,477,130,487,cell,15,230,464,250,474,cell,17,31,222,66,235,cell,18,303,-8,314,2,cell,1,233,144,641,484,body,4,386,-3,409,10,body,5,290,15,306,37,body,6,192,220,207,232,body,7,575,131,587,151,body,8,349,74,381,115,body,9,485,0,497,23,body,10,157,266,183,284,body,12,200,268,221,290,body,13,237,252,257,268,body,14,226,315,251,332,body
109,18,1,301,95,317,112,cell,6,276,208,290,219,cell,11,67,130,80,147,cell,14,113,477,130,487,cell,15,230,464,250,474,cell,17,30,222,63,235,cell,18,303,-8,314,2,cell,1,233,144,640,484,body,4,386,-3,409,10,body,5,289,15,305,37,body,6,192,221,207,233,body,7,576,132,589,153,body,8,349,74,381,115,body,9,485,0,497,23,body,10,159,267,183,283,body,12,199,272,217,291,body,13,237,252,257,268,body,14,226,317,249,332,body
110,18,1,301,95,317,112,cell,6,276,208,290,219,cell,11,66,131,76,144,cell,14,113,477,130,487,cell,15,230,464,250,474,cell,17,30,222,63,235,cell,18,303,-8,314,2,cell,1,233,144,640,484,body,4,386,-3,409,10,body,5,289,15,305,38,body,6,192,221,207,233,body,7,576,132,589,153,body,8,349,74,381,115,body,9,485,0,497,23,body,10,159,266,183,283,body,12,199,272,217,291,body,13,237,252,257,268,body,14,226,317,249,332,body
111,21,1,301,95,317,112,cell,6,276,208,290,219,cell,11,66,130,76,143,cell,14,113,477,130,487,cell,15,230,464,250,474,cell,17,29,222,63,235,cell,18,303,-8,314,2,cell,1,233,145,640,485,body,4,386,-3,409,10,body,5,290,16,306,38,body,6,192,221,208,234,body,7,575,131,587,151,body,9,485,0,497,23,body,10,157,266,185,285,body,12,198,271,217,291,body,13,237,252,257,268,body,14,226,318,248,332,body,15,333,67,353,85,body,16,345,86,368,104,body,17,492,100,512,118,body,18,474,121,501,135,body
112,21,1,300,94,316,111,cell,6,276,208,290,218,cell,11,66,130,76,143,cell,14,113,477,130,487,cell,15,235,469,255,479,cell,17,29,222,63,235,cell,18,303,-8,314,2,cell,1,233,145,640,485,body,4,386,-3,409,10,body,5,289,16,305,38,body,6,191,221,206,233,body,7,575,132,586,151,body,10,156,266,183,284,body,12,199,271,219,291,body,13,237,252,257,268,body,14,226,318,247,332,body,15,332,66,353,85,body,16,344,85,362,99,body,17,492,100,513,118,body,18,473,121,500,135,body,20,501,59,516,76,body
113,21,1,300,94,316,111,cell,6,276,208,290,218,cell,11,66,128,76,141,cell,14,113,477,130,487,cell,15,235,468,258,479,cell,17,29,223,62,236,cell,18,303,-8,314,2,cell,1,233,145,641,485,body,4,385,-4,409,10,body,5,289,16,305,38,body,6,191,221,206,233,body,7,574,133,586,154,body,10,155,267,182,286,body,12,201,273,221,294,body,13,237,252,257,268,body,14,225,320,248,335,body,15,331,65,351,83,body,16,338,80,360,97,body,17,493,100,513,118,body,18,473,120,500,134,body,20,501,56,516,73,body
114,21,1,300,94,316,111,cell,6,277,209,291,219,cell,11,67,128,77,141,cell,14,113,477,130,487,cell,15,236,469,260,481,cell,17,29,222,56,232,cell,18,303,-8,314,2,cell,1,233,145,640,484,body,4,386,-3,410,11,body,5,289,16,305,38,body,6,192,222,207,234,body,7,573,131,589,158,body,10,156,266,183,284,body,12,203,276,221,295,body,13,237,252,257,268,body,14,226,322,249,337,body,15,332,64,353,83,body,16,340,79,362,96,body,17,495,100,515,118,body,18,474,121,501,135,body,20,502,51,517,68,body
115,21,1,300,93,316,111,cell,6,277,209,291,219,cell,11,67,128,78,142,cell,14,113,477,130,487,cell,15,237,469,260,480,cell,17,28,221,54,231,cell,18,303,-8,314,2,cell,1,233,145,640,484,body,4,386,-4,410,10,body,5,289,16,305,38,body,6,193,222,208,234,body,7,573,132,589,158,body,10,155,267,182,286,body,12,201,275,219,294,body,13,237,252,257,268,body,14,225,322,248,337,body,15,331,64,352,83,body,16,340,80,362,97,body,17,495,100,515,118,body,18,473,121,500,135,body,20,502,46,517,63,body
116,22,1,299,92,315,110,cell,6,277,208,291,218,cell,11,63,125,73,138,cell,14,113,477,130,487,cell,15,239,466,262,477,cell,17,28,221,54,231,cell,18,303,-8,314,2,cell,1,233,145,640,484,body,4,386,-4,411,10,body,5,288,16,304,39,body,6,194,223,209,235,body,7,574,131,588,154,body,10,158,263,186,282,body,12,205,271,225,292,body,13,237,252,257,268,body,14,225,321,248,336,body,15,331,64,352,83,body,16,339,77,360,94,body,17,496,100,516,118,body,18,477,123,503,136,body,20,503,37,518,54,body,21,181,22,198,41,body
117,22,1,299,92,315,110,cell,6,277,209,291,220,cell,11,57,127,67,140,cell,14,113,477,130,487,cell,15,239,466,263,478,cell,17,28,221,54,231,cell,18,303,-8,314,2,cell,1,233,145,640,484,body,4,387,-3,411,11,body,5,289,17,305,40,body,6,195,223,211,236,body,7,574,130,588,153,body,10,160,263,189,283,body,12,214,276,234,297,body,13,237,252,257,268,body,14,227,326,250,341,body,15,331,65,354,86,body,16,338,76,359,92,body,17,497,100,517,118,body,18,478,122,505,136,body,20,503,31,518,48,body,21,185,26,201,44,body
118,22,1,299,92,316,110,cell,6,278,209,292,219,cell,11,58,129,68,142,cell,14,113,477,130,487,cell,15,239,467,263,479,cell,17,19,208,45,218,cell,18,303,-8,314,2,cell,1,233,145,640,484,body,4,387,-2,411,11,body,5,288,17,304,39,body,6,195,223,211,236,body,7,574,131,588,154,body,10,162,265,190,284,body,12,220,278,240,299,body,13,237,252,257,268,body,14,227,327,250,342,body,15,331,66,354,87,body,16,334,74,358,93,body,17,497,99,517,117,body,18,476,123,503,137,body,20,503,26,518,43,body,21,186,25,203,43,body
119,22,1,299,91,316,109,cell,6,278,210,291,220,cell,11,58,129,68,142,cell,14,113,477,130,487,cell,15,236,471,258,482,cell,17,19,208,45,218,cell,18,303,-8,314,2,cell,1,233,145,640,484,body,4,389,-3,413,10,body,5,288,18,305,41,body,6,195,224,211,237,body,7,575,131,588,153,body,10,165,264,193,283,body,12,232,276,253,298,body,13,237,252,257,268,body,14,228,327,251,342,body,15,332,66,356,87,body,16,337,74,359,91,body,17,497,98,517,116,body,18,477,123,504,137,body,20,503,18,519,37,body,21,194,31,211,50,body
120,22,1,299,90,316,108,cell,6,278,210,291,220,cell,11,58,131,70,146,cell,14,113,477,130,487,cell,15,230,474,251,484,cell,17,14,202,40,212,cell,18,303,-8,314,2,cell,1,233,145,640,484,body,4,388,-2,412,12,body,5,288,18,305,41,body,6,195,224,211,237,body,7,575,131,588,153,body,10,165,264,193,283,body,12,238,276,258,297,body,13,237,252,257,268,body,14,228,328,251,343,body,15,332,68,355,88,body,16,333,77,354,93,body,17,497,98,517,116,body,18,476,123,503,137,body,20,504,15,520,33,body,21,195,33,212,51,body
121,22,1,299,90,315,108,cell,6,279,211,292,221,cell,11,58,130,70,145,cell,14,113,477,130,487,cell,15,230,474,251,484,cell,17,11,200,37,210,cell,18,303,-8,314,2,cell,1,233,145,639,484,body,4,390,-3,418,13,body,5,288,19,305,42,body,6,194,224,210,237,body,7,575,130,588,152,body,10,169,264,197,283,body,12,242,279,262,300,body,13,237,252,257,268,body,14,228,328,251,343,body,15,333,69,358,92,body,16,335,80,356,97,body,17,495,98,515,116,body,18,476,125,502,139,body,20,505,8,521,26,body,21,197,35,213,53,body
122,22,1,299,89,316,107,cell,6,278,212,292,222,cell,11,59,130,71,145,cell,14,113,477,130,487,cell,15,230,474,251,484,cell,17,5,200,33,211,cell,18,303,-8,314,2,cell,1,233,145,639,484,body,4,391,-1,415,12,body,5,287,19,304,42,body,6,193,224,209,237,body,7,575,130,588,152,body,10,169,264,196,283,body,12,247,280,268,302,body,13,237,252,257,268,body,14,228,326,251,341,body,15,333,67,355,87,body,16,336,78,355,93,body,17,495,98,515,116,body,18,476,126,502,140,body,20,506,-4,521,13,body,21,203,34,221,55,body
123,22,1,299,88,316,106,cell,6,279,213,293,223,cell,11,59,130,71,145,cell,14,113,477,130,487,cell,15,230,474,251,484,cell,17,5,200,33,211,cell,18,303,-8,314,2,cell,1,233,145,639,484,body,4,391,-1,419,15,body,5,288,19,305,42,body,6,192,224,208,237,body,7,576,131,588,151,body,10,170,263,199,283,body,12,247,280,268,302,body,13,237,252,257,268,body,14,228,325,251,340,body,15,332,69,358,92,body,16,332,78,353,94,body,17,494,99,514,117,body,18,482,129,507,142,body,20,510,-9,522,5,body,21,210,33,227,52,body
124,22,1,299,88,316,106,cell,6,279,213,293,223,cell,11,59,130,71,145,cell,14,113,477,130,487,cell,15,230,474,251,484,cell,17,5,200,33,211,cell,18,303,-8,314,2,cell,1,233,145,639,484,body,4,391,0,419,16,body,5,288,20,304,43,body,6,192,224,208,237,body,7,576,131,588,151,body,10,169,264,198,284,body,12,247,280,268,302,body,13,237,252,257,268,body,14,227,325,249,340,body,15,332,69,358,92,body,16,331,76,353,93,body,17,494,99,514,117,body,18,483,129,508,142,body,20,511,-9,522,3,body,21,210,33,227,51,body
125,22,1,300,88,317,106,cell,6,279,214,293,224,cell,11,59,131,70,145,cell,14,113,477,130,487,cell,15,230,474,251,484,cell,17,0,198,27,208,cell,18,303,-8,314,2,cell,1,233,145,639,483,body,4,392,-1,421,15,body,5,288,20,305,43,body,6,192,223,208,236,body,7,576,131,588,151,body,10,169,264,197,283,body,12,259,282,281,305,body,13,237,252,257,268,body,14,226,325,250,340,body,15,329,68,358,94,body,16,333,78,351,92,body,17,494,100,514,118,body,18,484,130,509,143,body,20,511,-9,522,3,body,21,212,35,227,51,body
126,22,1,300,88,317,106,cell,6,280,214,293,224,cell,11,61,133,72,146,cell,14,113,477,130,487,cell,15,230,474,251,484,cell,17,-2,198,24,208,cell,18,303,-8,314,2,cell,1,233,146,639,485,body,4,393,1,422,17,body,5,288,20,305,43,body,6,192,222,208,235,body,7,576,131,588,151,body,10,170,265,198,284,body,12,258,283,280,306,body,13,237,252,257,268,body,14,227,323,250,338,body,15,328,69,355,93,body,16,333,78,351,92,body,17,494,101,514,119,body,18,488,132,512,144,body,20,511,-9,522,3,body,21,213,34,227,49,body
127,22,1,300,88,317,106,cell,6,280,214,293,224,cell,11,61,133,71,146,cell,14,113,477,130,487,cell,15,230,474,251,484,cell,17,-2,198,24,208,cell,18,303,-8,314,2,cell,1,233,146,639,485,body,4,393,1,421,17,body,5,288,20,305,43,body,6,192,222,208,235,body,7,576,131,588,151,body,10,170,265,198,284,body,12,258,283,280,306,body,13,237,252,257,268,body,14,227,323,251,338,body,15,328,69,356,94,body,16,333,76,350,90,body,17,494,101,514,119,body,18,488,133,512,145,body,20,511,-9,522,3,body,21,214,34,227,49,body
128,20,1,300,87,317,105,cell,11,61,133,71,146,cell,14,113,477,130,487,cell,15,230,474,251,484,cell,17,-2,198,24,208,cell,18,303,-8,314,2,cell,1,233,146,639,485,body,4,393,2,420,17,body,5,288,20,305,43,body,6,192,221,208,234,body,7,576,131,588,152,body,10,170,266,197,285,body,13,237,252,257,268,body,14,227,323,250,338,body,15,328,69,358,96,body,16,333,76,350,90,body,17,495,101,515,119,body,18,489,133,513,145,body,20,511,-9,522,3,body,21,215,35,227,49,body
129,19,1,300,87,317,105,cell,11,61,133,71,146,cell,14,113,477,130,487,cell,15,230,474,251,484,cell,17,-2,198,24,208,cell,18,303,-8,314,2,cell,1,233,146,639,484,body,4,393,2,420,17,body,5,288,20,304,43,body,6,192,222,208,235,body,7,575,131,587,152,body,10,170,266,197,285,body,14,227,322,251,338,body,15,328,69,358,96,body,16,333,76,350,90,body,17,494,101,514,119,body,18,490,133,513,145,body,20,511,-9,522,3,body,21,224,36,237,51,body
130,19,1,300,87,317,105,cell,11,61,133,71,146,cell,14,113,477,130,487,cell,15,230,474,251,484,cell,17,-2,198,24,208,cell,18,303,-8,314,2,cell,1,233,146,639,484,body,4,393,2,420,17,body,5,288,20,305,43,body,6,192,221,208,234,body,7,575,131,587,152,body,10,170,266,197,285,body,14,227,322,251,337,body,15,328,69,358,96,body,16,333,76,350,90,body,17,494,101,514,119,body,18,490,133,513,145,body,20,511,-9,522,3,body,21,224,36,237,51,body
131,19,1,300,87,317,105,cell,11,61,133,71,146,cell,14,113,477,130,487,cell,15,230,474,251,484,cell,17,-2,198,24,208,cell,18,303,-8,314,2,cell,1,233,146,639,484,body,4,393,2,420,17,body,5,288,20,305,43,body,6,192,221,208,234,body,7,575,131,587,152,body,10,170,266,198,285,body,14,227,322,251,337,body,15,328,69,358,96,body,16,333,80,351,94,body,17,494,101,514,119,body,18,490,133,513,145,body,20,511,-9,522,3,body,21,224,36,237,51,body
132,19,1,300,87,317,105,cell,11,61,133,71,146,cell,14,113,477,130,487,cell,15,230,474,251,484,cell,17,-2,198,24,208,cell,18,303,-8,314,2,cell,1,233,146,639,484,body,4,393,3,419,18,body,5,288,20,305,43,body,6,192,221,208,234,body,7,575,131,587,152,body,10,170,266,197,285,body,14,227,322,251,337,body,15,328,69,358,96,body,16,333,80,351,94,body,17,494,101,514,119,body,18,490,133,513,145,body,20,511,-9,522,3,body,21,224,36,237,51,body
133,19,1,300,87,317,105,cell,11,61,133,71,146,cell,14,113,477,130,487,cell,15,230,474,251,484,cell,17,-2,198,24,208,cell,18,303,-8,314,2,cell,1,233,146,639,484,body,4,393,2,420,17,body,5,288,20,305,43,body,6,192,221,208,234,body,7,575,131,587,152,body,10,170,266,197,285,body,14,227,322,251,337,body,15,328,69,358,96,body,16,333,80,351,94,body,17,494,101,514,119,body,18,490,133,513,145,body,20,511,-9,522,3,body,21,224,36,237,51,body
134,19,1,300,87,317,105,cell,11,61,133,71,146,cell,14,113,477,130,487,cell,15,230,474,251,484,cell,17,-2,198,24,208,cell,18,303,-8,314,2,cell,1,233,146,639,484,body,4,393,3,419,18,body,5,288,20,304,43,body,6,192,221,209,234,body,7,575,131,587,152,body,10,170,266,197,284,body,14,227,322,251,337,body,15,328,69,358,96,body,16,333,81,351,95,body,17,494,101,514,119,body,18,490,133,513,145,body,20,511,-9,522,3,body,21,224,36,237,51,body
135,19,1,300,87,317,105,cell,11,61,133,71,146,cell,14,113,477,130,487,cell,15,230,474,251,484,cell,17,-2,198,24,208,cell,18,303,-8,314,2,cell,1,233,146,639,484,body,4,393,3,419,18,body,5,288,20,304,43,body,6,192,221,208,234,body,7,575,131,587,152,body,10,170,266,198,285,body,14,227,322,251,337,body,15,328,69,358,96,body,16,333,80,351,94,body,17,494,101,514,119,body,18,490,133,513,145,body,20,511,-9,522,3,body,21,224,36,237,51,body
