1 0.65546875 0.6229166666666667 0.6859375000000001 0.75
0 0.34609375000000003 0.8875 0.045312500000000006 0.03333333333333333
0 0.35078125000000004 0.7979166666666666 0.0421875 0.0375
0 0.28125 0.5708333333333333 0.021875000000000002 0.025
0 0.46953125 0.4010416666666667 0.0234375 0.022916666666666665
0 0.52890625 0.2916666666666667 0.0234375 0.029166666666666667
0 0.66953125 0.24687499999999998 0.026562500000000003 0.035416666666666666
0 0.47578125000000004 0.21875 0.0234375 0.029166666666666667
0 0.4734375 0.12083333333333333 0.025 0.058333333333333334
0 0.4703125 0.041666666666666664 0.021875000000000002 0.05
0 0.19453125000000002 0.0010416666666666667 0.0203125 0.0020833333333333333
