1 0.6671875 0.259375 0.003125 0.00625
1 0.6804687500000001 0.621875 0.6359375 0.7520833333333333
0 0.34453125 0.8885416666666667 0.045312500000000006 0.03958333333333333
0 0.3375 0.7895833333333333 0.043750000000000004 0.04583333333333333
0 0.2890625 0.5708333333333333 0.025 0.03333333333333333
0 0.33125000000000004 0.534375 0.00625 0.014583333333333334
0 0.32421875 0.51875 0.0015625 0.0125
0 0.028125 0.484375 0.05625 0.03958333333333333
0 0.4234375 0.4322916666666667 0.065625 0.07291666666666667
0 0.46796875000000004 0.3989583333333333 0.0234375 0.022916666666666665
0 0.534375 0.29791666666666666 0.03125 0.03333333333333333
0 0.6703125000000001 0.25 0.028125 0.041666666666666664
0 0.4765625 0.21458333333333332 0.025 0.03333333333333333
0 0.09921875000000001 0.08125 0.0078125 0.008333333333333333
0 0.48359375000000004 0.10208333333333333 0.0328125 0.05416666666666667
0 0.465625 0.03229166666666666 0.0125 0.022916666666666665
