1 0.36484375 0.584375 0.004687500000000001 0.0020833333333333333
1 0.68125 0.63125 0.634375 0.7333333333333333
0 0.4453125 0.9885416666666667 0.028125 0.01875
0 0.2171875 0.9822916666666667 0.03125 0.03125
0 0.34609375000000003 0.884375 0.0546875 0.03958333333333333
0 0.22265625 0.834375 0.0078125 0.010416666666666666
0 0.36953125000000003 0.7958333333333333 0.026562500000000003 0.0375
0 0.35546875 0.584375 0.0328125 0.03958333333333333
0 0.2765625 0.5677083333333334 0.025 0.027083333333333334
0 0.4234375 0.4302083333333333 0.065625 0.06875
0 0.46406250000000004 0.39791666666666664 0.021875000000000002 0.029166666666666667
0 0.5296875 0.2864583333333333 0.021875000000000002 0.027083333333333334
0 0.55625 0.2635416666666667 0.040625 0.06458333333333333
0 0.6640625 0.23958333333333334 0.028125 0.04583333333333333
0 0.47265625 0.21979166666666666 0.0203125 0.03125
0 0.48125 0.08020833333333333 0.021875000000000002 0.06041666666666667
