1 0.66796875 0.6229166666666667 0.6609375000000001 0.75
0 0.34921875 0.884375 0.0328125 0.035416666666666666
0 0.3453125 0.784375 0.025 0.035416666666666666
0 0.30234375 0.575 0.026562500000000003 0.025
0 0.33671875 0.5177083333333333 0.0203125 0.035416666666666666
0 0.1390625 0.5072916666666667 0.096875 0.035416666666666666
0 0.47578125000000004 0.39166666666666666 0.026562500000000003 0.029166666666666667
0 0.5593750000000001 0.3072916666666667 0.018750000000000003 0.027083333333333334
0 0.478125 0.2125 0.021875000000000002 0.029166666666666667
0 0.6742187500000001 0.225 0.0203125 0.058333333333333334
0 0.48984375 0.11041666666666666 0.0234375 0.07916666666666666
0 0.4734375 0.05416666666666667 0.003125 0.016666666666666666
0 0.4703125 0.013541666666666667 0.018750000000000003 0.027083333333333334
