1 0.6820312500000001 0.6302083333333334 0.6328125 0.7354166666666666
0 0.43984375000000003 0.9916666666666667 0.029687500000000002 0.0125
0 0.2265625 0.9729166666666667 0.025 0.03333333333333333
0 0.34218750000000003 0.8833333333333333 0.053125000000000006 0.0375
0 0.37343750000000003 0.79375 0.034375 0.0375
0 0.35781250000000003 0.584375 0.043750000000000004 0.03958333333333333
0 0.27890625 0.5677083333333334 0.0234375 0.027083333333333334
0 0.36484375 0.39791666666666664 0.004687500000000001 0.008333333333333333
0 0.43125 0.425 0.084375 0.07916666666666666
0 0.5476562500000001 0.27291666666666664 0.060937500000000006 0.0625
0 0.6609375000000001 0.25 0.03125 0.041666666666666664
0 0.47187500000000004 0.22291666666666665 0.009375000000000001 0.016666666666666666
0 0.48750000000000004 0.18645833333333334 0.025 0.022916666666666665
0 0.48046875 0.08541666666666667 0.0234375 0.0625
