1 0.6742187500000001 0.6239583333333333 0.6484375 0.7479166666666667
0 0.34765625 0.884375 0.0328125 0.035416666666666666
0 0.34375 0.7864583333333334 0.028125 0.035416666666666666
0 0.30078125 0.5729166666666666 0.0234375 0.029166666666666667
0 0.3375 0.525 0.021875000000000002 0.03333333333333333
0 0.11953125 0.5041666666666667 0.09843750000000001 0.0375
0 0.47578125000000004 0.3927083333333333 0.029687500000000002 0.03125
0 0.5546875 0.3072916666666667 0.028125 0.027083333333333334
0 0.6726562500000001 0.23124999999999998 0.0203125 0.0625
0 0.478125 0.21041666666666667 0.021875000000000002 0.020833333333333332
0 0.49140625000000004 0.11041666666666666 0.0171875 0.041666666666666664
0 0.4703125 0.0125 0.018750000000000003 0.025
