1 0.4703125 0.4 0.0125 0.004166666666666667
1 0.6820312500000001 0.621875 0.6328125 0.7520833333333333
1 0.6703125000000001 0.2552083333333333 0.009375000000000001 0.01875
0 0.34375 0.8885416666666667 0.043750000000000004 0.03958333333333333
0 0.33437500000000003 0.7854166666666667 0.043750000000000004 0.041666666666666664
0 0.2921875 0.5677083333333334 0.03125 0.035416666666666666
0 0.31875000000000003 0.5177083333333333 0.05625 0.06875
0 0.037500000000000006 0.490625 0.06875 0.03125
0 0.47109375000000003 0.39791666666666664 0.0234375 0.020833333333333332
0 0.534375 0.30104166666666665 0.028125 0.035416666666666666
0 0.6687500000000001 0.24479166666666666 0.025 0.04791666666666666
0 0.4765625 0.21562499999999998 0.025 0.03125
0 0.484375 0.09791666666666667 0.03125 0.0625
0 0.465625 0.029166666666666667 0.021875000000000002 0.0375
