1 0.68125 0.6302083333333334 0.634375 0.7354166666666666
0 0.4421875 0.9916666666666667 0.03125 0.0125
0 0.2265625 0.975 0.03125 0.025
0 0.34140625 0.884375 0.0484375 0.035416666666666666
0 0.37109375 0.7916666666666666 0.029687500000000002 0.03333333333333333
0 0.35781250000000003 0.5854166666666667 0.040625 0.0375
0 0.27890625 0.5666666666666667 0.026562500000000003 0.029166666666666667
0 0.43359375 0.42604166666666665 0.08281250000000001 0.07708333333333334
0 0.53046875 0.2864583333333333 0.0234375 0.03125
0 0.6640625 0.25 0.021875000000000002 0.03333333333333333
0 0.55625 0.26145833333333335 0.05 0.06875
0 0.47265625 0.22083333333333333 0.0234375 0.029166666666666667
0 0.48125 0.08541666666666667 0.025 0.0625
