1 0.6742187500000001 0.6239583333333333 0.6484375 0.7479166666666667
0 0.34609375000000003 0.8854166666666666 0.045312500000000006 0.03333333333333333
0 0.35859375000000004 0.8 0.0421875 0.03333333333333333
0 0.28359375000000003 0.5697916666666667 0.026562500000000003 0.027083333333333334
0 0.34921875 0.559375 0.0234375 0.03125
0 0.46718750000000003 0.40208333333333335 0.025 0.029166666666666667
0 0.52890625 0.2895833333333333 0.0234375 0.029166666666666667
0 0.665625 0.2375 0.03125 0.0375
0 0.47265625 0.21875 0.0203125 0.029166666666666667
0 0.4734375 0.14166666666666666 0.025 0.06666666666666667
0 0.434375 0.10833333333333334 0.003125 0.008333333333333333
0 0.4734375 0.05625 0.025 0.058333333333333334
