1 0.6828125 0.63125 0.6312500000000001 0.7333333333333333
0 0.4390625 0.9916666666666667 0.03125 0.0125
0 0.22812500000000002 0.975 0.028125 0.029166666666666667
0 0.34218750000000003 0.8822916666666667 0.05 0.035416666666666666
0 0.371875 0.79375 0.03125 0.0375
0 0.36015625 0.584375 0.0421875 0.035416666666666666
0 0.27890625 0.5666666666666667 0.0234375 0.029166666666666667
0 0.43671875000000004 0.4239583333333333 0.07968750000000001 0.07708333333333334
0 0.5476562500000001 0.271875 0.060937500000000006 0.06458333333333333
0 0.6609375000000001 0.24895833333333334 0.034375 0.03958333333333333
0 0.47109375000000003 0.221875 0.0234375 0.03125
0 0.48203125 0.08541666666666667 0.0234375 0.0625
