1 0.6804687500000001 0.6208333333333333 0.6359375 0.7541666666666667
0 0.34296875000000004 0.8875 0.0421875 0.0375
0 0.33906250000000004 0.79375 0.043750000000000004 0.041666666666666664
0 0.28750000000000003 0.5729166666666666 0.025 0.020833333333333332
0 0.3359375 0.5395833333333333 0.059375000000000004 0.0625
0 0.4296875 0.434375 0.059375000000000004 0.07291666666666667
0 0.46875 0.3989583333333333 0.025 0.022916666666666665
0 0.5320312500000001 0.2947916666666667 0.026562500000000003 0.035416666666666666
0 0.66796875 0.253125 0.029687500000000002 0.035416666666666666
0 0.47578125000000004 0.21666666666666667 0.0203125 0.029166666666666667
0 0.478125 0.11979166666666667 0.018750000000000003 0.035416666666666666
0 0.46953125 0.026041666666666668 0.0203125 0.052083333333333336
