1 0.6859375000000001 0.6333333333333333 0.625 0.7291666666666666
0 0.44140625 0.9927083333333333 0.029687500000000002 0.010416666666666666
0 0.23046875 0.9760416666666667 0.026562500000000003 0.022916666666666665
0 0.34375 0.884375 0.05 0.035416666666666666
0 0.37343750000000003 0.79375 0.028125 0.03333333333333333
0 0.3609375 0.5822916666666667 0.040625 0.027083333333333334
0 0.27968750000000003 0.565625 0.025 0.022916666666666665
0 0.43593750000000003 0.4239583333333333 0.08125 0.07708333333333334
0 0.53046875 0.28854166666666664 0.0234375 0.027083333333333334
0 0.6609375000000001 0.25 0.03125 0.0375
0 0.5554687500000001 0.26145833333333335 0.045312500000000006 0.06458333333333333
0 0.4734375 0.221875 0.021875000000000002 0.027083333333333334
0 0.48125 0.08541666666666667 0.021875000000000002 0.058333333333333334
