1 0.6765625000000001 0.6229166666666667 0.64375 0.75
0 0.34609375000000003 0.8864583333333333 0.045312500000000006 0.035416666666666666
0 0.35390625000000003 0.7979166666666666 0.045312500000000006 0.03333333333333333
0 0.28203125 0.5708333333333333 0.029687500000000002 0.03333333333333333
0 0.3328125 0.5416666666666666 0.046875 0.0625
0 0.46718750000000003 0.403125 0.028125 0.035416666666666666
0 0.52890625 0.2916666666666667 0.026562500000000003 0.03333333333333333
0 0.665625 0.24583333333333332 0.0125 0.029166666666666667
0 0.47421875 0.21875 0.026562500000000003 0.03333333333333333
0 0.45937500000000003 0.128125 0.053125000000000006 0.05625
0 0.4703125 0.052083333333333336 0.015625 0.041666666666666664
0 0.1921875 0.007291666666666667 0.003125 0.00625
