1 0.6742187500000001 0.621875 0.6484375 0.7520833333333333
0 0.34453125 0.8864583333333333 0.035937500000000004 0.03125
0 0.359375 0.7989583333333333 0.040625 0.03125
0 0.2828125 0.5697916666666667 0.025 0.027083333333333334
0 0.33671875 0.5416666666666666 0.051562500000000004 0.058333333333333334
0 0.465625 0.40208333333333335 0.021875000000000002 0.025
0 0.52890625 0.2916666666666667 0.0234375 0.029166666666666667
0 0.665625 0.24375 0.028125 0.0375
0 0.47421875 0.21979166666666666 0.0203125 0.022916666666666665
0 0.47109375000000003 0.14375 0.0234375 0.041666666666666664
0 0.434375 0.11041666666666666 0.003125 0.004166666666666667
0 0.47265625 0.04895833333333333 0.0234375 0.05625
