1 0.6820312500000001 0.6302083333333334 0.6328125 0.7354166666666666
0 0.22968750000000002 0.975 0.028125 0.029166666666666667
0 0.34218750000000003 0.884375 0.053125000000000006 0.03958333333333333
0 0.2234375 0.8322916666666667 0.009375000000000001 0.014583333333333334
0 0.37109375 0.7947916666666667 0.0328125 0.035416666666666666
0 0.35625 0.5854166666666667 0.040625 0.0375
0 0.27968750000000003 0.565625 0.025 0.03125
0 0.43359375 0.4239583333333333 0.09531250000000001 0.08125
0 0.36484375 0.3875 0.0328125 0.03333333333333333
0 0.5296875 0.28854166666666664 0.025 0.027083333333333334
0 0.55703125 0.26979166666666665 0.0421875 0.05625
0 0.66328125 0.24895833333333334 0.029687500000000002 0.035416666666666666
0 0.47265625 0.22083333333333333 0.0203125 0.03333333333333333
0 0.48750000000000004 0.1875 0.00625 0.008333333333333333
0 0.48203125 0.084375 0.0234375 0.05625
