1 0.665625 0.6239583333333333 0.665625 0.7479166666666667
0 0.3453125 0.8895833333333333 0.040625 0.0375
0 0.3453125 0.7927083333333333 0.046875 0.03958333333333333
0 0.284375 0.5697916666666667 0.028125 0.03125
0 0.46718750000000003 0.40208333333333335 0.028125 0.03333333333333333
0 0.53046875 0.29270833333333335 0.026562500000000003 0.035416666666666666
0 0.66796875 0.25104166666666666 0.029687500000000002 0.035416666666666666
0 0.47500000000000003 0.21770833333333334 0.028125 0.035416666666666666
0 0.38515625000000003 0.18020833333333333 0.004687500000000001 0.010416666666666666
0 0.43593750000000003 0.11145833333333333 0.009375000000000001 0.010416666666666666
0 0.4734375 0.11666666666666667 0.03125 0.0625
0 0.09843750000000001 0.08125 0.0125 0.016666666666666666
0 0.46953125 0.042708333333333334 0.0171875 0.04375
0 0.19140625 0.004166666666666667 0.0234375 0.008333333333333333
