1 0.6546875000000001 0.621875 0.6875 0.7520833333333333
0 0.34453125 0.8875 0.045312500000000006 0.0375
0 0.33906250000000004 0.7864583333333334 0.03125 0.03958333333333333
0 0.296875 0.571875 0.025 0.03125
0 0.065625 0.490625 0.05 0.03125
0 0.46953125 0.396875 0.026562500000000003 0.035416666666666666
0 0.5453125 0.303125 0.034375 0.035416666666666666
0 0.4765625 0.21562499999999998 0.025 0.035416666666666666
0 0.67109375 0.23124999999999998 0.026562500000000003 0.07083333333333333
0 0.48671875000000003 0.10520833333333333 0.0234375 0.035416666666666666
0 0.46484375 0.020833333333333332 0.0234375 0.03333333333333333
