1 0.6671875 0.6229166666666667 0.6625000000000001 0.75
0 0.34375 0.8854166666666666 0.034375 0.029166666666666667
0 0.359375 0.7979166666666666 0.025 0.029166666666666667
0 0.2828125 0.5697916666666667 0.021875000000000002 0.027083333333333334
0 0.46875 0.403125 0.025 0.03125
0 0.5296875 0.2916666666666667 0.025 0.029166666666666667
0 0.6671875 0.24687499999999998 0.028125 0.035416666666666666
0 0.47500000000000003 0.21875 0.021875000000000002 0.029166666666666667
0 0.47265625 0.134375 0.0234375 0.035416666666666666
0 0.46953125 0.041666666666666664 0.0203125 0.05
0 0.19453125000000002 0.0010416666666666667 0.0171875 0.0020833333333333333
