1 0.6804687500000001 0.621875 0.6359375 0.7520833333333333
0 0.3484375 0.8875 0.046875 0.0375
0 0.33906250000000004 0.7854166666666667 0.034375 0.041666666666666664
0 0.2921875 0.5708333333333333 0.03125 0.0375
0 0.33515625000000004 0.5260416666666666 0.045312500000000006 0.06041666666666667
0 0.057031250000000006 0.4927083333333333 0.0765625 0.035416666666666666
0 0.46953125 0.3989583333333333 0.029687500000000002 0.035416666666666666
0 0.53671875 0.30104166666666665 0.029687500000000002 0.035416666666666666
0 0.6703125000000001 0.24687499999999998 0.021875000000000002 0.04375
0 0.478125 0.21562499999999998 0.025 0.035416666666666666
0 0.484375 0.1 0.028125 0.04583333333333333
0 0.10078125 0.08125 0.010937500000000001 0.016666666666666666
0 0.465625 0.02395833333333333 0.015625 0.022916666666666665
