1 0.65546875 0.6229166666666667 0.6859375000000001 0.75
0 0.35078125000000004 0.8864583333333333 0.035937500000000004 0.035416666666666666
0 0.34296875000000004 0.7864583333333334 0.026562500000000003 0.035416666666666666
0 0.30234375 0.5708333333333333 0.026562500000000003 0.029166666666666667
0 0.11953125 0.5 0.09531250000000001 0.029166666666666667
0 0.47578125000000004 0.39375 0.026562500000000003 0.029166666666666667
0 0.55703125 0.30625 0.026562500000000003 0.029166666666666667
0 0.6742187500000001 0.22708333333333333 0.0171875 0.041666666666666664
0 0.478125 0.2125 0.015625 0.025
0 0.4921875 0.10625 0.025 0.058333333333333334
0 0.4703125 0.013541666666666667 0.018750000000000003 0.027083333333333334
