1 0.6843750000000001 0.6322916666666667 0.628125 0.73125
0 0.35781250000000003 0.996875 0.015625 0.0020833333333333333
0 0.45234375000000004 0.9885416666666667 0.0390625 0.01875
0 0.21406250000000002 0.9854166666666666 0.025 0.020833333333333332
0 0.34765625 0.8833333333333333 0.0484375 0.029166666666666667
0 0.375 0.796875 0.028125 0.03958333333333333
0 0.36250000000000004 0.584375 0.040625 0.03958333333333333
0 0.27890625 0.5677083333333334 0.026562500000000003 0.027083333333333334
0 0.43984375000000003 0.4239583333333333 0.0765625 0.07708333333333334
0 0.5281250000000001 0.2875 0.021875000000000002 0.025
0 0.5578125 0.26458333333333334 0.046875 0.06666666666666667
0 0.6648437500000001 0.24166666666666667 0.0234375 0.0375
0 0.47265625 0.221875 0.0203125 0.03125
0 0.47968750000000004 0.075 0.021875000000000002 0.058333333333333334
