1 0.6796875 0.6229166666666667 0.6375000000000001 0.75
0 0.34453125 0.8854166666666666 0.035937500000000004 0.03333333333333333
0 0.34140625 0.79375 0.0421875 0.041666666666666664
0 0.28671875 0.5697916666666667 0.0234375 0.03125
0 0.3375 0.5416666666666666 0.05 0.0625
0 0.4421875 0.4270833333333333 0.08125 0.08333333333333333
0 0.53125 0.296875 0.025 0.035416666666666666
0 0.66796875 0.2520833333333333 0.026562500000000003 0.0375
0 0.47500000000000003 0.21979166666666666 0.021875000000000002 0.022916666666666665
0 0.4765625 0.121875 0.018750000000000003 0.027083333333333334
0 0.46796875000000004 0.035416666666666666 0.0203125 0.0375
