1 0.68671875 0.6333333333333333 0.6234375000000001 0.7291666666666666
0 0.4390625 0.990625 0.028125 0.014583333333333334
0 0.22968750000000002 0.975 0.021875000000000002 0.020833333333333332
0 0.34375 0.8822916666666667 0.05625 0.035416666666666666
0 0.37031250000000004 0.7927083333333333 0.028125 0.035416666666666666
0 0.35781250000000003 0.584375 0.040625 0.035416666666666666
0 0.27968750000000003 0.5666666666666667 0.025 0.029166666666666667
0 0.43515625 0.42291666666666666 0.08281250000000001 0.07916666666666666
0 0.53125 0.2864583333333333 0.028125 0.03125
0 0.66015625 0.24479166666666666 0.0328125 0.04375
0 0.553125 0.25729166666666664 0.053125000000000006 0.07291666666666667
0 0.47265625 0.221875 0.0203125 0.022916666666666665
0 0.48046875 0.084375 0.0234375 0.06041666666666667
