1 0.68125 0.621875 0.634375 0.7520833333333333
0 0.34609375000000003 0.884375 0.035937500000000004 0.035416666666666666
0 0.33906250000000004 0.7864583333333334 0.03125 0.03958333333333333
0 0.2921875 0.56875 0.025 0.03333333333333333
0 0.0546875 0.49374999999999997 0.07187500000000001 0.03333333333333333
0 0.46875 0.4 0.028125 0.03333333333333333
0 0.5359375000000001 0.30104166666666665 0.025 0.03125
0 0.671875 0.24270833333333333 0.028125 0.05625
0 0.47578125000000004 0.21458333333333332 0.0234375 0.029166666666666667
0 0.48359375000000004 0.10416666666666667 0.026562500000000003 0.029166666666666667
0 0.465625 0.02395833333333333 0.018750000000000003 0.03125
