1 0.6546875000000001 0.6229166666666667 0.6875 0.75
0 0.3453125 0.8875 0.046875 0.0375
0 0.3453125 0.7947916666666667 0.053125000000000006 0.04375
0 0.28359375000000003 0.56875 0.026562500000000003 0.029166666666666667
0 0.46796875000000004 0.403125 0.0234375 0.03125
0 0.5296875 0.29375 0.025 0.025
0 0.6687500000000001 0.24687499999999998 0.028125 0.035416666666666666
0 0.47578125000000004 0.21770833333333334 0.0234375 0.03125
0 0.4734375 0.12708333333333333 0.025 0.0375
0 0.46953125 0.036458333333333336 0.0203125 0.05625
0 0.19296875000000002 0.003125 0.0203125 0.00625
