1 0.665625 0.6229166666666667 0.665625 0.75
0 0.35000000000000003 0.8864583333333333 0.03125 0.035416666666666666
0 0.33984375 0.7854166666666667 0.029687500000000002 0.0375
0 0.23515625 0.6802083333333333 0.0078125 0.010416666666666666
0 0.29921875000000003 0.571875 0.0234375 0.03125
0 0.10390625 0.5010416666666666 0.09843750000000001 0.04791666666666666
0 0.47187500000000004 0.3958333333333333 0.028125 0.03333333333333333
0 0.55390625 0.3072916666666667 0.029687500000000002 0.027083333333333334
0 0.47500000000000003 0.21458333333333332 0.018750000000000003 0.03333333333333333
0 0.6726562500000001 0.228125 0.026562500000000003 0.07708333333333334
0 0.503125 0.15208333333333332 0.003125 0.008333333333333333
0 0.48984375 0.103125 0.0234375 0.05625
0 0.1 0.08125 0.00625 0.0125
0 0.46640625 0.015625 0.0203125 0.03125
