1 0.68125 0.6291666666666667 0.634375 0.7375
0 0.44609375 0.9916666666666667 0.0328125 0.0125
0 0.21250000000000002 0.9885416666666667 0.021875000000000002 0.01875
0 0.34687500000000004 0.884375 0.05 0.035416666666666666
0 0.37265625 0.7989583333333333 0.026562500000000003 0.035416666666666666
0 0.35468750000000004 0.584375 0.021875000000000002 0.04375
0 0.28046875 0.5697916666666667 0.0234375 0.027083333333333334
0 0.434375 0.4552083333333333 0.037500000000000006 0.027083333333333334
0 0.465625 0.4010416666666667 0.025 0.03125
0 0.5281250000000001 0.28541666666666665 0.021875000000000002 0.029166666666666667
0 0.5640625 0.2739583333333333 0.043750000000000004 0.06041666666666667
0 0.47109375000000003 0.21979166666666666 0.0171875 0.027083333333333334
0 0.6664062500000001 0.225 0.0234375 0.058333333333333334
0 0.47734375 0.1625 0.0203125 0.029166666666666667
0 0.47890625000000003 0.071875 0.0234375 0.052083333333333336
