1 0.6804687500000001 0.621875 0.6359375 0.7520833333333333
0 0.3453125 0.8875 0.046875 0.041666666666666664
0 0.33828125000000003 0.79375 0.045312500000000006 0.04583333333333333
0 0.23359375000000002 0.6822916666666666 0.0171875 0.010416666666666666
0 0.28750000000000003 0.5697916666666667 0.025 0.035416666666666666
0 0.42812500000000003 0.4322916666666667 0.046875 0.06458333333333333
0 0.46953125 0.403125 0.0234375 0.03125
0 0.5328125 0.29791666666666666 0.025 0.03333333333333333
0 0.66953125 0.2520833333333333 0.026562500000000003 0.0375
0 0.47500000000000003 0.21562499999999998 0.021875000000000002 0.03125
0 0.4765625 0.11145833333333333 0.018750000000000003 0.04375
0 0.46718750000000003 0.022916666666666665 0.018750000000000003 0.04583333333333333
