1 0.68359375 0.6291666666666667 0.6296875000000001 0.7375
0 0.44765625000000003 0.990625 0.026562500000000003 0.014583333333333334
0 0.2109375 0.990625 0.018750000000000003 0.014583333333333334
0 0.34765625 0.8875 0.0546875 0.0375
0 0.35859375000000004 0.796875 0.0421875 0.03125
0 0.35859375000000004 0.6041666666666666 0.0234375 0.025
0 0.2828125 0.56875 0.025 0.025
0 0.34609375000000003 0.5541666666666667 0.035937500000000004 0.03333333333333333
0 0.43125 0.4552083333333333 0.0125 0.01875
0 0.46640625 0.4010416666666667 0.026562500000000003 0.03125
0 0.5281250000000001 0.2875 0.025 0.029166666666666667
0 0.5640625 0.275 0.046875 0.06666666666666667
0 0.47187500000000004 0.21979166666666666 0.021875000000000002 0.03125
0 0.6671875 0.22395833333333334 0.021875000000000002 0.06041666666666667
0 0.47265625 0.14270833333333333 0.0203125 0.06041666666666667
0 0.47578125000000004 0.065625 0.026562500000000003 0.05625
