1 0.6742187500000001 0.6229166666666667 0.6484375 0.75
0 0.34609375000000003 0.8864583333333333 0.0390625 0.035416666666666666
0 0.33984375 0.7854166666666667 0.029687500000000002 0.041666666666666664
0 0.29296875 0.571875 0.026562500000000003 0.035416666666666666
0 0.06484375 0.49374999999999997 0.0734375 0.03333333333333333
0 0.4703125 0.4 0.028125 0.0375
0 0.53828125 0.303125 0.026562500000000003 0.035416666666666666
0 0.6703125000000001 0.24375 0.025 0.04583333333333333
0 0.47578125000000004 0.21666666666666667 0.026562500000000003 0.03333333333333333
0 0.48046875 0.10520833333333333 0.010937500000000001 0.01875
0 0.1 0.08125 0.009375000000000001 0.016666666666666666
0 0.46328125000000003 0.021875 0.0203125 0.027083333333333334
