1 0.6671875 0.6229166666666667 0.6625000000000001 0.75
0 0.3484375 0.8854166666666666 0.03125 0.03333333333333333
0 0.34296875000000004 0.7864583333333334 0.0234375 0.035416666666666666
0 0.30078125 0.5708333333333333 0.0234375 0.029166666666666667
0 0.33515625000000004 0.5197916666666667 0.026562500000000003 0.035416666666666666
0 0.13984375000000002 0.50625 0.1046875 0.0375
0 0.47500000000000003 0.3927083333333333 0.028125 0.035416666666666666
0 0.56015625 0.3052083333333333 0.029687500000000002 0.03125
0 0.6734375 0.23020833333333332 0.021875000000000002 0.04375
0 0.478125 0.21145833333333333 0.021875000000000002 0.03125
0 0.49296875 0.10625 0.029687500000000002 0.0875
0 0.46953125 0.011458333333333333 0.0171875 0.022916666666666665
