1 0.6828125 0.628125 0.6312500000000001 0.7395833333333334
0 0.45156250000000003 0.9885416666666667 0.037500000000000006 0.01875
0 0.209375 0.9854166666666666 0.025 0.025
0 0.34765625 0.8854166666666666 0.0484375 0.029166666666666667
0 0.37031250000000004 0.7979166666666666 0.028125 0.0375
0 0.27890625 0.56875 0.026562500000000003 0.029166666666666667
0 0.35000000000000003 0.5739583333333333 0.034375 0.06458333333333333
0 0.42421875000000003 0.45 0.0234375 0.029166666666666667
0 0.46328125000000003 0.39791666666666664 0.026562500000000003 0.025
0 0.5281250000000001 0.2875 0.025 0.029166666666666667
0 0.5578125 0.26666666666666666 0.05 0.07083333333333333
0 0.4703125 0.21875 0.025 0.029166666666666667
0 0.6625000000000001 0.22291666666666665 0.03125 0.0625
0 0.48046875 0.16875 0.0203125 0.029166666666666667
0 0.47578125000000004 0.07083333333333333 0.026562500000000003 0.06666666666666667
