1 0.6546875000000001 0.6229166666666667 0.6875 0.75
0 0.34296875000000004 0.8864583333333333 0.0328125 0.03125
0 0.3453125 0.7958333333333333 0.046875 0.041666666666666664
0 0.2828125 0.5708333333333333 0.021875000000000002 0.029166666666666667
0 0.46718750000000003 0.4010416666666667 0.028125 0.03125
0 0.5296875 0.29375 0.028125 0.0375
0 0.34375 0.24166666666666667 0.003125 0.004166666666666667
0 0.6687500000000001 0.25 0.028125 0.0375
0 0.47500000000000003 0.21666666666666667 0.025 0.03333333333333333
0 0.38359375 0.178125 0.010937500000000001 0.010416666666666666
0 0.47265625 0.121875 0.0234375 0.052083333333333336
0 0.46796875000000004 0.042708333333333334 0.0140625 0.03125
0 0.1921875 0.004166666666666667 0.018750000000000003 0.008333333333333333
