1 0.6804687500000001 0.6302083333333334 0.6359375 0.7354166666666666
0 0.44375000000000003 0.9916666666666667 0.037500000000000006 0.0125
0 0.22968750000000002 0.9729166666666667 0.03125 0.029166666666666667
0 0.34296875000000004 0.884375 0.045312500000000006 0.035416666666666666
0 0.37343750000000003 0.79375 0.034375 0.0375
0 0.35859375000000004 0.5833333333333334 0.0421875 0.0375
0 0.278125 0.56875 0.021875000000000002 0.025
0 0.43593750000000003 0.4239583333333333 0.08125 0.07708333333333334
0 0.54921875 0.27291666666666664 0.060937500000000006 0.0625
0 0.66171875 0.25 0.0328125 0.041666666666666664
0 0.47187500000000004 0.21979166666666666 0.025 0.035416666666666666
0 0.4859375 0.18333333333333332 0.037500000000000006 0.03333333333333333
0 0.48281250000000003 0.08541666666666667 0.025 0.0625
