1 0.68359375 0.628125 0.6296875000000001 0.7395833333333334
1 0.4296875 0.41562499999999997 0.078125 0.03958333333333333
1 0.4701459750566894 0.39998110355253214 0.02466695011337885 0.016628873771730984
0 0.45078125 0.9895833333333334 0.0390625 0.016666666666666666
0 0.21015625000000002 0.9885416666666667 0.0203125 0.01875
0 0.34218750000000003 0.8854166666666666 0.043750000000000004 0.0375
0 0.36796875 0.7947916666666667 0.029687500000000002 0.035416666666666666
0 0.28125 0.56875 0.025 0.029166666666666667
0 0.34609375000000003 0.571875 0.045312500000000006 0.08125
0 0.4296875 0.45208333333333334 0.018750000000000003 0.020833333333333332
0 0.52734375 0.28854166666666664 0.0234375 0.027083333333333334
0 0.5640625 0.2760416666666667 0.043750000000000004 0.06458333333333333
0 0.6664062500000001 0.234375 0.0171875 0.03958333333333333
0 0.47265625 0.22083333333333333 0.0234375 0.029166666666666667
0 0.478125 0.06979166666666667 0.018750000000000003 0.04791666666666666
0 0.46796875000000004 0.4010416666666667 0.035937500000000004 0.03125
