1 0.68125 0.6302083333333334 0.634375 0.7354166666666666
0 0.43984375000000003 0.9916666666666667 0.026562500000000003 0.0125
0 0.22421875000000002 0.9770833333333333 0.0390625 0.025
0 0.3453125 0.8833333333333333 0.05 0.03333333333333333
0 0.37265625 0.7916666666666666 0.0328125 0.03333333333333333
0 0.359375 0.5854166666666667 0.043750000000000004 0.0375
0 0.28046875 0.5645833333333333 0.0203125 0.029166666666666667
0 0.43593750000000003 0.425 0.084375 0.07916666666666666
0 0.5296875 0.28854166666666664 0.025 0.027083333333333334
0 0.659375 0.24791666666666667 0.028125 0.0375
0 0.5546875 0.2604166666666667 0.046875 0.06666666666666667
0 0.47187500000000004 0.22083333333333333 0.021875000000000002 0.029166666666666667
0 0.48203125 0.084375 0.0234375 0.06041666666666667
